0 47
1 47
2 47
3 47
4 47
5 47
6 47
7 47
8 47
9 47
10 47
11 47
12 47
13 47
14 47
15 47
16 47
17 47
18 49
19 61
20 62
21 63
22 64
23 63
24 51
25 62
26 47
27 47
28 47
29 40
30 40
31 43
32 47
33 47
34 64
35 64
36 64
37 64
38 64
39 56
40 64
41 64
42 54
43 30
44 54
45 54
46 51
47 54
48 54
49 54
50 54
51 54
52 54
53 54
54 47
55 47
56 47
57 84
58 47
59 47
60 84
61 41
62 42
63 42
64 42
65 47
66 47
67 47
68 54
69 47
70 47
71 47
72 47
73 47
74 47
75 47
76 47
77 47
78 47
79 47
80 54
81 27
82 27
83 43
84 47
85 47
86 47
87 47
88 47
89 47
90 47
91 47
92 47
93 47
94 47
95 47
96 47
97 47
98 47
99 47
100 47
101 47
102 47
103 47
104 47
105 47
106 47
107 47
