0 32
1 31
2 109
3 109
4 27
5 26
6 114
7 115
8 123
9 130
10 130
11 130
12 130
13 130
14 130
15 130
16 0
17 130
18 5
19 5
20 5
21 5
22 5
23 5
24 5
25 8
26 18
27 27
28 109
29 100
30 103
31 106
32 109
33 32
34 16
35 16
36 8
37 8
38 8
39 5
40 5
41 8
42 5
43 5
44 5
45 5
46 5
47 5
48 5
49 5
50 5
51 2
52 117
53 117
54 34
55 34
56 34
57 44
58 100
59 27
60 37
61 36
62 35
63 101
64 34
65 26
66 116
67 115
68 119
69 34
70 105
71 114
72 107
73 105
74 105
75 100
76 106
77 109
78 109
79 110
80 5
81 114
82 71
83 112
84 106
85 106
86 106
87 106
88 106
89 109
90 109
91 109
92 109
93 109
94 109
95 34
96 34
97 34
98 34
99 34
100 34
101 34
102 34
103 34
104 34
105 34
106 34
107 34
