88.9007 88.9007 88.9007 88.9007 88.9007 88.9007
110.42 110.42 110.42 110.42 110.42 110.42
99.861 99.861 99.861 99.861 99.861 99.861
77.0086 77.0086 77.0086 77.0086 77.0086 77.0086
57.8277 57.8277 57.8277 57.8277 57.8277 57.8277
52.8917 52.8917 52.8917 52.8917 52.8917 52.8917
48.4473 48.4473 48.4473 48.4473 48.4473 48.4473
43.965 43.965 43.965 43.965 43.965 43.965
42.6649 42.6649 42.6649 42.6649 42.6649 42.6649
45.8655 45.8655 45.8655 45.8655 45.8655 45.8655
47.3304 47.3304 47.3304 47.3304 47.3304 47.3304
47.5415 47.5415 47.5415 47.5415 47.5415 47.5415
47.8006 47.8006 47.8006 47.8006 47.8006 47.8006
47.8639 47.8639 47.8639 47.8639 47.8639 47.8639
45.5576 45.5576 45.5576 45.5576 45.5576 45.5576
43.3645 43.3645 43.3645 43.3645 43.3645 43.3645
42.9506 42.9506 42.9506 42.9506 42.9506 42.9506
45.6276 45.6276 45.6276 45.6276 45.6276 45.6276
44.004 44.004 44.004 44.004 44.004 44.004
43.8821 43.8821 43.8821 43.8821 43.8821 43.8821
43.7894 43.7894 43.7894 43.7894 43.7894 43.7894
46.873 46.873 46.873 46.873 46.873 46.873
50.4354 50.4354 50.4354 50.4354 50.4354 50.4354
54.0194 54.0194 54.0194 54.0194 54.0194 54.0194
56.4603 56.4603 56.4603 56.4603 56.4603 56.4603
59.1441 59.1441 59.1441 59.1441 59.1441 59.1441
61.4997 61.4997 61.4997 61.4997 61.4997 61.4997
62.1293 62.1293 62.1293 62.1293 62.1293 62.1293
62.0799 62.0799 62.0799 62.0799 62.0799 62.0799
61.5593 61.5593 61.5593 61.5593 61.5593 61.5593
61.0185 61.0185 61.0185 61.0185 61.0185 61.0185
61.0532 61.0532 61.0532 61.0532 61.0532 61.0532
60.5779 60.5779 60.5779 60.5779 60.5779 60.5779
59.7916 59.7916 59.7916 59.7916 59.7916 59.7916
59.1523 59.1523 59.1523 59.1523 59.1523 59.1523
59.0903 59.0903 59.0903 59.0903 59.0903 59.0903
59.6302 59.6302 59.6302 59.6302 59.6302 59.6302
60.1218 60.1218 60.1218 60.1218 60.1218 60.1218
60.9945 60.9945 60.9945 60.9945 60.9945 60.9945
61.9323 61.9323 61.9323 61.9323 61.9323 61.9323
61.3911 61.3911 61.3911 61.3911 61.3911 61.3911
59.8542 59.8542 59.8542 59.8542 59.8542 59.8542
58.9318 58.9318 58.9318 58.9318 58.9318 58.9318
58.414 58.414 58.414 58.414 58.414 58.414
57.4711 57.4711 57.4711 57.4711 57.4711 57.4711
56.9817 56.9817 56.9817 56.9817 56.9817 56.9817
56.8228 56.8228 56.8228 56.8228 56.8228 56.8228
55.232 55.232 55.232 55.232 55.232 55.232
53.3801 53.3801 53.3801 53.3801 53.3801 53.3801
52.3452 52.3452 52.3452 52.3452 52.3452 52.3452
50.5053 50.5053 50.5053 50.5053 50.5053 50.5053
46.8544 46.8544 46.8544 46.8544 46.8544 46.8544
43.4315 43.4315 43.4315 43.4315 43.4315 43.4315
41.5393 41.5393 41.5393 41.5393 41.5393 41.5393
40.523 40.523 40.523 40.523 40.523 40.523
39.046 39.046 39.046 39.046 39.046 39.046
40.9733 40.9733 40.9733 40.9733 40.9733 40.9733
43.5679 43.5679 43.5679 43.5679 43.5679 43.5679
46.6541 46.6541 46.6541 46.6541 46.6541 46.6541
49.8403 49.8403 49.8403 49.8403 49.8403 49.8403
52.4145 52.4145 52.4145 52.4145 52.4145 52.4145
55.3552 55.3552 55.3552 55.3552 55.3552 55.3552
59.5544 59.5544 59.5544 59.5544 59.5544 59.5544
63.0959 63.0959 63.0959 63.0959 63.0959 63.0959
65.8706 65.8706 65.8706 65.8706 65.8706 65.8706
69.2728 69.2728 69.2728 69.2728 69.2728 69.2728
73.3939 73.3939 73.3939 73.3939 73.3939 73.3939
77.3381 77.3381 77.3381 77.3381 77.3381 77.3381
79.6594 79.6594 79.6594 79.6594 79.6594 79.6594
82.7261 82.7261 82.7261 82.7261 82.7261 82.7261
88.9379 88.9379 88.9379 88.9379 88.9379 88.9379
95.54 95.54 95.54 95.54 95.54 95.54
100.398 100.398 100.398 100.398 100.398 100.398
104.777 104.777 104.777 104.777 104.777 104.777
106.49 106.49 106.49 106.49 106.49 106.49
103.748 103.748 103.748 103.748 103.748 103.748
92.5424 92.5424 92.5424 92.5424 92.5424 92.5424
71.3995 71.3995 71.3995 71.3995 71.3995 71.3995
56.7365 56.7365 56.7365 56.7365 56.7365 56.7365
41.9455 41.9455 41.9455 41.9455 41.9455 41.9455
27.8785 27.8785 27.8785 27.8785 27.8785 27.8785
14.3982 14.3982 14.3982 14.3982 14.3982 14.3982
9.09382 9.09382 9.09382 9.09382 9.09382 9.09382
7.20535 7.20535 7.20535 7.20535 7.20535 7.20535
6.55902 6.55902 6.55902 6.55902 6.55902 6.55902
18.1907 18.1907 18.1907 18.1907 18.1907 18.1907
34.1787 34.1787 34.1787 34.1787 34.1787 34.1787
47.9691 47.9691 47.9691 47.9691 47.9691 47.9691
65.7791 65.7791 65.7791 65.7791 65.7791 65.7791
81.4889 81.4889 81.4889 81.4889 81.4889 81.4889
93.8557 93.8557 93.8557 93.8557 93.8557 93.8557
101.163 101.163 101.163 101.163 101.163 101.163
105.148 105.148 105.148 105.148 105.148 105.148
104.106 104.106 104.106 104.106 104.106 104.106
121.704 121.704 121.704 121.704 121.704 121.704
145.165 145.165 145.165 145.165 145.165 145.165
177.9 177.9 177.9 177.9 177.9 177.9
221.335 221.335 221.335 221.335 221.335 221.335
252.929 252.929 252.929 252.929 252.929 252.929
247.588 247.588 247.588 247.588 247.588 247.588
250.862 250.862 250.862 250.862 250.862 250.862
252.149 252.149 252.149 252.149 252.149 252.149
240.452 240.452 240.452 240.452 240.452 240.452
198.758 198.758 198.758 198.758 198.758 198.758
349.113 349.113 349.113 349.113 349.113 349.113
424.86 424.86 424.86 424.86 424.86 424.86
243.499 243.499 243.499 243.499 243.499 243.499
148.049 148.049 148.049 148.049 148.049 148.049
167.579 167.579 167.579 167.579 167.579 167.579
157.119 157.119 157.119 157.119 157.119 157.119
116.916 116.916 116.916 116.916 116.916 116.916
19.2362 19.2362 19.2362 19.2362 19.2362 19.2362
104.891 104.891 104.891 104.891 104.891 104.891
509.275 509.275 509.275 509.275 509.275 509.275
355.224 355.224 355.224 355.224 355.224 355.224
661.503 661.503 661.503 661.503 661.503 661.503
922.601 922.601 922.601 922.601 922.601 922.601
932.786 932.786 932.786 932.786 932.786 932.786
792.255 792.255 792.255 792.255 792.255 792.255
775.872 775.872 775.872 775.872 775.872 775.872
513.029 513.029 513.029 513.029 513.029 513.029
309.418 309.418 309.418 309.418 309.418 309.418
301.725 301.725 301.725 301.725 301.725 301.725
244.051 244.051 244.051 244.051 244.051 244.051
282.219 282.219 282.219 282.219 282.219 282.219
265.494 265.494 265.494 265.494 265.494 265.494
306.9 306.9 306.9 306.9 306.9 306.9
331.21 331.21 331.21 331.21 331.21 331.21
291.382 291.382 291.382 291.382 291.382 291.382
293.86 293.86 293.86 293.86 293.86 293.86
247.22 247.22 247.22 247.22 247.22 247.22
245.603 245.603 245.603 245.603 245.603 245.603
256.242 256.242 256.242 256.242 256.242 256.242
133.382 133.382 133.382 133.382 133.382 133.382
158.171 158.171 158.171 158.171 158.171 158.171
141.197 141.197 141.197 141.197 141.197 141.197
257.848 257.848 257.848 257.848 257.848 257.848
413.321 413.321 413.321 413.321 413.321 413.321
183.399 183.399 183.399 183.399 183.399 183.399
236.288 236.288 236.288 236.288 236.288 236.288
177.61 177.61 177.61 177.61 177.61 177.61
126.26 126.26 126.26 126.26 126.26 126.26
95.4338 95.4338 95.4338 95.4338 95.4338 95.4338
433.935 433.935 433.935 433.935 433.935 433.935
103.68 103.68 103.68 103.68 103.68 103.68
35.343 35.343 35.343 35.343 35.343 35.343
36.0617 36.0617 36.0617 36.0617 36.0617 36.0617
344.288 344.288 344.288 344.288 344.288 344.288
121.9 121.9 121.9 121.9 121.9 121.9
203.522 203.522 203.522 203.522 203.522 203.522
98.5759 98.5759 98.5759 98.5759 98.5759 98.5759
86.6893 86.6893 86.6893 86.6893 86.6893 86.6893
74.7072 74.7072 74.7072 74.7072 74.7072 74.7072
140.139 140.139 140.139 140.139 140.139 140.139
140.549 140.549 140.549 140.549 140.549 140.549
140.309 140.309 140.309 140.309 140.309 140.309
450.701 450.701 450.701 450.701 450.701 450.701
140.593 140.593 140.593 140.593 140.593 140.593
158.376 158.376 158.376 158.376 158.376 158.376
392.055 392.055 392.055 392.055 392.055 392.055
346.094 346.094 346.094 346.094 346.094 346.094
305.303 305.303 305.303 305.303 305.303 305.303
168.303 168.303 168.303 168.303 168.303 168.303
85.2945 85.2945 85.2945 85.2945 85.2945 85.2945
99.4129 99.4129 99.4129 99.4129 99.4129 99.4129
103.356 103.356 103.356 103.356 103.356 103.356
93.2566 93.2566 93.2566 93.2566 93.2566 93.2566
119.104 119.104 119.104 119.104 119.104 119.104
126 126 126 126 126 126
142.002 142.002 142.002 142.002 142.002 142.002
177.651 177.651 177.651 177.651 177.651 177.651
209.223 209.223 209.223 209.223 209.223 209.223
150.444 150.444 150.444 150.444 150.444 150.444
146.94 146.94 146.94 146.94 146.94 146.94
136.131 136.131 136.131 136.131 136.131 136.131
125.97 125.97 125.97 125.97 125.97 125.97
112.955 112.955 112.955 112.955 112.955 112.955
86.9097 86.9097 86.9097 86.9097 86.9097 86.9097
80.8931 80.8931 80.8931 80.8931 80.8931 80.8931
64.2724 64.2724 64.2724 64.2724 64.2724 64.2724
43.3574 43.3574 43.3574 43.3574 43.3574 43.3574
49.2727 49.2727 49.2727 49.2727 49.2727 49.2727
57.4245 57.4245 57.4245 57.4245 57.4245 57.4245
44.9043 44.9043 44.9043 44.9043 44.9043 44.9043
25.5437 25.5437 25.5437 25.5437 25.5437 25.5437
21.2323 21.2323 21.2323 21.2323 21.2323 21.2323
25.02 25.02 25.02 25.02 25.02 25.02
24.1264 24.1264 24.1264 24.1264 24.1264 24.1264
21.8255 21.8255 21.8255 21.8255 21.8255 21.8255
28.2084 28.2084 28.2084 28.2084 28.2084 28.2084
37.4741 37.4741 37.4741 37.4741 37.4741 37.4741
49.8704 49.8704 49.8704 49.8704 49.8704 49.8704
69.9524 69.9524 69.9524 69.9524 69.9524 69.9524
82.8895 82.8895 82.8895 82.8895 82.8895 82.8895
87.0218 87.0218 87.0218 87.0218 87.0218 87.0218
90.3671 90.3671 90.3671 90.3671 90.3671 90.3671
96.3827 96.3827 96.3827 96.3827 96.3827 96.3827
97.0377 97.0377 97.0377 97.0377 97.0377 97.0377
99.618 99.618 99.618 99.618 99.618 99.618
103.877 103.877 103.877 103.877 103.877 103.877
103.495 103.495 103.495 103.495 103.495 103.495
103.609 103.609 103.609 103.609 103.609 103.609
116.535 116.535 116.535 116.535 116.535 116.535
134.738 134.738 134.738 134.738 134.738 134.738
149.795 149.795 149.795 149.795 149.795 149.795
152.93 152.93 152.93 152.93 152.93 152.93
143.066 143.066 143.066 143.066 143.066 143.066
130.773 130.773 130.773 130.773 130.773 130.773
118.918 118.918 118.918 118.918 118.918 118.918
106.757 106.757 106.757 106.757 106.757 106.757
86.723 86.723 86.723 86.723 86.723 86.723
97.803 97.803 97.803 97.803 97.803 97.803
92.8047 92.8047 92.8047 92.8047 92.8047 92.8047
86.206 86.206 86.206 86.206 86.206 86.206
68.0014 68.0014 68.0014 68.0014 68.0014 68.0014
72.6763 72.6763 72.6763 72.6763 72.6763 72.6763
70.6964 70.6964 70.6964 70.6964 70.6964 70.6964
53.4184 53.4184 53.4184 53.4184 53.4184 53.4184
36.1403 36.1403 36.1403 36.1403 36.1403 36.1403
20.2212 20.2212 20.2212 20.2212 20.2212 20.2212
27.6233 27.6233 27.6233 27.6233 27.6233 27.6233
36.3666 36.3666 36.3666 36.3666 36.3666 36.3666
45.1099 45.1099 45.1099 45.1099 45.1099 45.1099
53.8532 53.8532 53.8532 53.8532 53.8532 53.8532
67.5278 67.5278 67.5278 67.5278 67.5278 67.5278
