0 47
1 7
2 139
3 139
4 115
5 115
6 114
7 114
8 113
9 113
10 112
11 112
12 112
13 275
14 276
15 275
16 274
17 275
18 274
19 274
20 274
21 275
22 275
23 275
24 276
25 97
26 92
27 85
28 45
29 607
30 128
31 128
32 139
33 110
34 384
35 360
36 377
37 375
38 373
39 426
40 426
41 372
42 284
43 288
44 283
45 288
46 288
47 280
48 279
49 279
50 284
51 453
52 455
53 453
54 45
55 45
56 45
57 0
58 45
59 85
60 77
61 0
62 0
63 607
64 0
65 161
66 134
67 114
68 385
69 45
70 116
71 296
72 116
73 116
74 116
75 116
76 116
77 116
78 116
79 117
80 438
81 447
82 217
83 298
84 116
85 116
86 116
87 116
88 116
89 115
90 115
91 115
92 115
93 115
94 115
95 115
96 115
97 115
98 115
99 115
100 115
101 45
102 45
103 45
104 45
105 45
106 45
107 45
