0 57
1 58
2 60
3 60
4 62
5 62
6 62
7 62
8 60
9 60
10 61
11 61
12 61
13 61
14 61
15 58
16 58
17 57
18 57
19 57
20 57
21 57
22 57
23 57
24 57
25 57
26 57
27 57
28 57
29 57
30 57
31 57
32 57
33 57
34 57
35 57
36 57
37 57
38 57
39 57
40 57
41 57
42 57
43 57
44 57
45 57
46 57
47 57
48 57
49 57
50 57
51 57
52 58
53 57
54 57
55 57
56 57
57 57
58 57
59 57
60 57
61 57
62 57
63 57
64 57
65 57
66 57
67 57
68 57
69 57
70 56
71 56
72 56
73 56
74 56
75 56
76 56
77 57
78 57
79 58
80 61
81 61
82 61
83 61
84 60
85 62
86 62
87 60
88 60
89 60
90 60
91 60
92 65
93 65
94 3
95 5
96 6
97 6
98 7
99 6
100 7
101 7
102 7
103 7
104 7
105 4
106 52
107 50
108 61
109 62
110 62
111 62
112 57
113 6
114 6
115 27
116 20
117 20
118 7
119 27
120 20
121 7
122 7
123 7
124 30
125 30
126 30
127 30
128 7
129 7
130 7
131 7
132 7
133 52
134 52
135 52
136 52
137 52
138 58
139 54
140 55
141 58
142 61
143 52
144 1
145 62
146 62
147 7
148 53
149 52
150 24
151 64
152 62
153 55
154 55
155 62
156 42
157 64
158 65
159 7
160 7
161 7
162 24
163 62
164 62
165 62
166 61
167 57
168 57
169 56
170 49
171 50
172 55
173 55
174 56
175 56
176 57
177 58
178 57
179 57
180 58
181 58
182 58
183 58
184 61
185 61
186 61
187 61
188 61
189 61
190 61
191 58
192 57
193 56
194 56
195 56
196 56
197 56
198 56
199 56
200 56
201 56
202 55
203 55
204 54
205 54
206 55
207 55
208 56
209 57
210 58
211 57
212 58
213 58
214 61
215 62
216 62
217 62
218 62
219 60
220 61
221 61
222 61
223 58
224 58
