82.8571 82.8571 82.8571 82.8571 82.8571 82.8571
70.0866 70.0866 70.0866 70.0866 70.0866 70.0866
70.7023 70.7023 70.7023 70.7023 70.7023 70.7023
70.2672 70.2672 70.2672 70.2672 70.2672 70.2672
69.3472 69.3472 69.3472 69.3472 69.3472 69.3472
69.7709 69.7709 69.7709 69.7709 69.7709 69.7709
69.9865 69.9865 69.9865 69.9865 69.9865 69.9865
69.3133 69.3133 69.3133 69.3133 69.3133 69.3133
70.4798 70.4798 70.4798 70.4798 70.4798 70.4798
72.3405 72.3405 72.3405 72.3405 72.3405 72.3405
73.3115 73.3115 73.3115 73.3115 73.3115 73.3115
73.6807 73.6807 73.6807 73.6807 73.6807 73.6807
73.498 73.498 73.498 73.498 73.498 73.498
73.1109 73.1109 73.1109 73.1109 73.1109 73.1109
73.077 73.077 73.077 73.077 73.077 73.077
73.0252 73.0252 73.0252 73.0252 73.0252 73.0252
73.7309 73.7309 73.7309 73.7309 73.7309 73.7309
74.7459 74.7459 74.7459 74.7459 74.7459 74.7459
76.542 76.542 76.542 76.542 76.542 76.542
78.2765 78.2765 78.2765 78.2765 78.2765 78.2765
78.7099 78.7099 78.7099 78.7099 78.7099 78.7099
78.1365 78.1365 78.1365 78.1365 78.1365 78.1365
76.6252 76.6252 76.6252 76.6252 76.6252 76.6252
76.999 76.999 76.999 76.999 76.999 76.999
78.8947 78.8947 78.8947 78.8947 78.8947 78.8947
79.9791 79.9791 79.9791 79.9791 79.9791 79.9791
79.1715 79.1715 79.1715 79.1715 79.1715 79.1715
76.7137 76.7137 76.7137 76.7137 76.7137 76.7137
75.2403 75.2403 75.2403 75.2403 75.2403 75.2403
74.0944 74.0944 74.0944 74.0944 74.0944 74.0944
73.5129 73.5129 73.5129 73.5129 73.5129 73.5129
74.8599 74.8599 74.8599 74.8599 74.8599 74.8599
75.6948 75.6948 75.6948 75.6948 75.6948 75.6948
75.743 75.743 75.743 75.743 75.743 75.743
75.514 75.514 75.514 75.514 75.514 75.514
74.0895 74.0895 74.0895 74.0895 74.0895 74.0895
72.5258 72.5258 72.5258 72.5258 72.5258 72.5258
72.412 72.412 72.412 72.412 72.412 72.412
73.1694 73.1694 73.1694 73.1694 73.1694 73.1694
73.3188 73.3188 73.3188 73.3188 73.3188 73.3188
73.0864 73.0864 73.0864 73.0864 73.0864 73.0864
72.6462 72.6462 72.6462 72.6462 72.6462 72.6462
72.5528 72.5528 72.5528 72.5528 72.5528 72.5528
72.5581 72.5581 72.5581 72.5581 72.5581 72.5581
71.8421 71.8421 71.8421 71.8421 71.8421 71.8421
72.1029 72.1029 72.1029 72.1029 72.1029 72.1029
71.3396 71.3396 71.3396 71.3396 71.3396 71.3396
69.6247 69.6247 69.6247 69.6247 69.6247 69.6247
70.3419 70.3419 70.3419 70.3419 70.3419 70.3419
71.1344 71.1344 71.1344 71.1344 71.1344 71.1344
70.646 70.646 70.646 70.646 70.646 70.646
71.1998 71.1998 71.1998 71.1998 71.1998 71.1998
71.5726 71.5726 71.5726 71.5726 71.5726 71.5726
70.7972 70.7972 70.7972 70.7972 70.7972 70.7972
70.9367 70.9367 70.9367 70.9367 70.9367 70.9367
70.7643 70.7643 70.7643 70.7643 70.7643 70.7643
70.2685 70.2685 70.2685 70.2685 70.2685 70.2685
70.9643 70.9643 70.9643 70.9643 70.9643 70.9643
71.0525 71.0525 71.0525 71.0525 71.0525 71.0525
71.1197 71.1197 71.1197 71.1197 71.1197 71.1197
71.4931 71.4931 71.4931 71.4931 71.4931 71.4931
71.3944 71.3944 71.3944 71.3944 71.3944 71.3944
70.8283 70.8283 70.8283 70.8283 70.8283 70.8283
71.6489 71.6489 71.6489 71.6489 71.6489 71.6489
72.9519 72.9519 72.9519 72.9519 72.9519 72.9519
73.243 73.243 73.243 73.243 73.243 73.243
72.8065 72.8065 72.8065 72.8065 72.8065 72.8065
73.0142 73.0142 73.0142 73.0142 73.0142 73.0142
73.7177 73.7177 73.7177 73.7177 73.7177 73.7177
73.259 73.259 73.259 73.259 73.259 73.259
72.1743 72.1743 72.1743 72.1743 72.1743 72.1743
70.7028 70.7028 70.7028 70.7028 70.7028 70.7028
70.6931 70.6931 70.6931 70.6931 70.6931 70.6931
71.6782 71.6782 71.6782 71.6782 71.6782 71.6782
71.9668 71.9668 71.9668 71.9668 71.9668 71.9668
75.2258 75.2258 75.2258 75.2258 75.2258 75.2258
81.49 81.49 81.49 81.49 81.49 81.49
86.8261 86.8261 86.8261 86.8261 86.8261 86.8261
94.3768 94.3768 94.3768 94.3768 94.3768 94.3768
101.491 101.491 101.491 101.491 101.491 101.491
106.724 106.724 106.724 106.724 106.724 106.724
109.426 109.426 109.426 109.426 109.426 109.426
109.222 109.222 109.222 109.222 109.222 109.222
111.916 111.916 111.916 111.916 111.916 111.916
111.255 111.255 111.255 111.255 111.255 111.255
110.425 110.425 110.425 110.425 110.425 110.425
110.187 110.187 110.187 110.187 110.187 110.187
127.446 127.446 127.446 127.446 127.446 127.446
142.454 142.454 142.454 142.454 142.454 142.454
154.992 154.992 154.992 154.992 154.992 154.992
165.276 165.276 165.276 165.276 165.276 165.276
171.737 171.737 171.737 171.737 171.737 171.737
179.487 179.487 179.487 179.487 179.487 179.487
176.971 176.971 176.971 176.971 176.971 176.971
174.545 174.545 174.545 174.545 174.545 174.545
169.933 169.933 169.933 169.933 169.933 169.933
164.462 164.462 164.462 164.462 164.462 164.462
156.795 156.795 156.795 156.795 156.795 156.795
147.902 147.902 147.902 147.902 147.902 147.902
140.878 140.878 140.878 140.878 140.878 140.878
135.08 135.08 135.08 135.08 135.08 135.08
130.216 130.216 130.216 130.216 130.216 130.216
127.218 127.218 127.218 127.218 127.218 127.218
123.003 123.003 123.003 123.003 123.003 123.003
115.813 115.813 115.813 115.813 115.813 115.813
108.958 108.958 108.958 108.958 108.958 108.958
101.124 101.124 101.124 101.124 101.124 101.124
95.9359 95.9359 95.9359 95.9359 95.9359 95.9359
90.6454 90.6454 90.6454 90.6454 90.6454 90.6454
85.0948 85.0948 85.0948 85.0948 85.0948 85.0948
81.3798 81.3798 81.3798 81.3798 81.3798 81.3798
76.0691 76.0691 76.0691 76.0691 76.0691 76.0691
67.0961 67.0961 67.0961 67.0961 67.0961 67.0961
59.7398 59.7398 59.7398 59.7398 59.7398 59.7398
52.2298 52.2298 52.2298 52.2298 52.2298 52.2298
46.5981 46.5981 46.5981 46.5981 46.5981 46.5981
60.6314 60.6314 60.6314 60.6314 60.6314 60.6314
72.3571 72.3571 72.3571 72.3571 72.3571 72.3571
80.2764 80.2764 80.2764 80.2764 80.2764 80.2764
86.3588 86.3588 86.3588 86.3588 86.3588 86.3588
87.6934 87.6934 87.6934 87.6934 87.6934 87.6934
85.8214 85.8214 85.8214 85.8214 85.8214 85.8214
91.3142 91.3142 91.3142 91.3142 91.3142 91.3142
95.799 95.799 95.799 95.799 95.799 95.799
98.1857 98.1857 98.1857 98.1857 98.1857 98.1857
97.8464 97.8464 97.8464 97.8464 97.8464 97.8464
94.5347 94.5347 94.5347 94.5347 94.5347 94.5347
88.5743 88.5743 88.5743 88.5743 88.5743 88.5743
81.083 81.083 81.083 81.083 81.083 81.083
66.8296 66.8296 66.8296 66.8296 66.8296 66.8296
55.9979 55.9979 55.9979 55.9979 55.9979 55.9979
53.6517 53.6517 53.6517 53.6517 53.6517 53.6517
52.4709 52.4709 52.4709 52.4709 52.4709 52.4709
53.6507 53.6507 53.6507 53.6507 53.6507 53.6507
55.3708 55.3708 55.3708 55.3708 55.3708 55.3708
57.1198 57.1198 57.1198 57.1198 57.1198 57.1198
54.9639 54.9639 54.9639 54.9639 54.9639 54.9639
54.0461 54.0461 54.0461 54.0461 54.0461 54.0461
50.6417 50.6417 50.6417 50.6417 50.6417 50.6417
47.9716 47.9716 47.9716 47.9716 47.9716 47.9716
50.3539 50.3539 50.3539 50.3539 50.3539 50.3539
53.6307 53.6307 53.6307 53.6307 53.6307 53.6307
52.9746 52.9746 52.9746 52.9746 52.9746 52.9746
51.3794 51.3794 51.3794 51.3794 51.3794 51.3794
52.2479 52.2479 52.2479 52.2479 52.2479 52.2479
55.2223 55.2223 55.2223 55.2223 55.2223 55.2223
55.1671 55.1671 55.1671 55.1671 55.1671 55.1671
55.7194 55.7194 55.7194 55.7194 55.7194 55.7194
54.9835 54.9835 54.9835 54.9835 54.9835 54.9835
53.748 53.748 53.748 53.748 53.748 53.748
50.248 50.248 50.248 50.248 50.248 50.248
50.3261 50.3261 50.3261 50.3261 50.3261 50.3261
51.6228 51.6228 51.6228 51.6228 51.6228 51.6228
53.6059 53.6059 53.6059 53.6059 53.6059 53.6059
54.8676 54.8676 54.8676 54.8676 54.8676 54.8676
53.61 53.61 53.61 53.61 53.61 53.61
53.0351 53.0351 53.0351 53.0351 53.0351 53.0351
51.6974 51.6974 51.6974 51.6974 51.6974 51.6974
52.6158 52.6158 52.6158 52.6158 52.6158 52.6158
55.373 55.373 55.373 55.373 55.373 55.373
61.3643 61.3643 61.3643 61.3643 61.3643 61.3643
70.2271 70.2271 70.2271 70.2271 70.2271 70.2271
76.3239 76.3239 76.3239 76.3239 76.3239 76.3239
83.1901 83.1901 83.1901 83.1901 83.1901 83.1901
99.3618 99.3618 99.3618 99.3618 99.3618 99.3618
112.754 112.754 112.754 112.754 112.754 112.754
129.812 129.812 129.812 129.812 129.812 129.812
146.612 146.612 146.612 146.612 146.612 146.612
159.333 159.333 159.333 159.333 159.333 159.333
167.838 167.838 167.838 167.838 167.838 167.838
174.079 174.079 174.079 174.079 174.079 174.079
181.57 181.57 181.57 181.57 181.57 181.57
187.946 187.946 187.946 187.946 187.946 187.946
189.745 189.745 189.745 189.745 189.745 189.745
187.834 187.834 187.834 187.834 187.834 187.834
185.25 185.25 185.25 185.25 185.25 185.25
185.349 185.349 185.349 185.349 185.349 185.349
188.992 188.992 188.992 188.992 188.992 188.992
192.58 192.58 192.58 192.58 192.58 192.58
193.182 193.182 193.182 193.182 193.182 193.182
191.67 191.67 191.67 191.67 191.67 191.67
190.792 190.792 190.792 190.792 190.792 190.792
190.861 190.861 190.861 190.861 190.861 190.861
190.426 190.426 190.426 190.426 190.426 190.426
190.329 190.329 190.329 190.329 190.329 190.329
190.184 190.184 190.184 190.184 190.184 190.184
189.805 189.805 189.805 189.805 189.805 189.805
189.154 189.154 189.154 189.154 189.154 189.154
187.089 187.089 187.089 187.089 187.089 187.089
186.243 186.243 186.243 186.243 186.243 186.243
187.595 187.595 187.595 187.595 187.595 187.595
186.436 186.436 186.436 186.436 186.436 186.436
183.178 183.178 183.178 183.178 183.178 183.178
184.036 184.036 184.036 184.036 184.036 184.036
186.4 186.4 186.4 186.4 186.4 186.4
187.041 187.041 187.041 187.041 187.041 187.041
188.876 188.876 188.876 188.876 188.876 188.876
191.653 191.653 191.653 191.653 191.653 191.653
193.194 193.194 193.194 193.194 193.194 193.194
195.919 195.919 195.919 195.919 195.919 195.919
201.617 201.617 201.617 201.617 201.617 201.617
207.875 207.875 207.875 207.875 207.875 207.875
214.889 214.889 214.889 214.889 214.889 214.889
222.672 222.672 222.672 222.672 222.672 222.672
229.477 229.477 229.477 229.477 229.477 229.477
235.085 235.085 235.085 235.085 235.085 235.085
239.375 239.375 239.375 239.375 239.375 239.375
241.493 241.493 241.493 241.493 241.493 241.493
243.089 243.089 243.089 243.089 243.089 243.089
245.81 245.81 245.81 245.81 245.81 245.81
245.725 245.725 245.725 245.725 245.725 245.725
246.671 246.671 246.671 246.671 246.671 246.671
246.503 246.503 246.503 246.503 246.503 246.503
243.291 243.291 243.291 243.291 243.291 243.291
239.378 239.378 239.378 239.378 239.378 239.378
235.572 235.572 235.572 235.572 235.572 235.572
231.13 231.13 231.13 231.13 231.13 231.13
227.057 227.057 227.057 227.057 227.057 227.057
223.895 223.895 223.895 223.895 223.895 223.895
220.791 220.791 220.791 220.791 220.791 220.791
219.099 219.099 219.099 219.099 219.099 219.099
217.278 217.278 217.278 217.278 217.278 217.278
214.53 214.53 214.53 214.53 214.53 214.53
212.694 212.694 212.694 212.694 212.694 212.694
212.653 212.653 212.653 212.653 212.653 212.653
213.394 213.394 213.394 213.394 213.394 213.394
214.705 214.705 214.705 214.705 214.705 214.705
215.458 215.458 215.458 215.458 215.458 215.458
214.317 214.317 214.317 214.317 214.317 214.317
212.894 212.894 212.894 212.894 212.894 212.894
213.08 213.08 213.08 213.08 213.08 213.08
213.87 213.87 213.87 213.87 213.87 213.87
214.328 214.328 214.328 214.328 214.328 214.328
213.849 213.849 213.849 213.849 213.849 213.849
213.275 213.275 213.275 213.275 213.275 213.275
214.406 214.406 214.406 214.406 214.406 214.406
214.81 214.81 214.81 214.81 214.81 214.81
214.797 214.797 214.797 214.797 214.797 214.797
216.526 216.526 216.526 216.526 216.526 216.526
216.694 216.694 216.694 216.694 216.694 216.694
215.23 215.23 215.23 215.23 215.23 215.23
215.425 215.425 215.425 215.425 215.425 215.425
215.906 215.906 215.906 215.906 215.906 215.906
216.036 216.036 216.036 216.036 216.036 216.036
215.202 215.202 215.202 215.202 215.202 215.202
214.789 214.789 214.789 214.789 214.789 214.789
215.859 215.859 215.859 215.859 215.859 215.859
216.331 216.331 216.331 216.331 216.331 216.331
217.089 217.089 217.089 217.089 217.089 217.089
219.184 219.184 219.184 219.184 219.184 219.184
221.33 221.33 221.33 221.33 221.33 221.33
219.579 219.579 219.579 219.579 219.579 219.579
216.127 216.127 216.127 216.127 216.127 216.127
212.139 212.139 212.139 212.139 212.139 212.139
206.388 206.388 206.388 206.388 206.388 206.388
199.819 199.819 199.819 199.819 199.819 199.819
190.964 190.964 190.964 190.964 190.964 190.964
179.692 179.692 179.692 179.692 179.692 179.692
166.923 166.923 166.923 166.923 166.923 166.923
153.743 153.743 153.743 153.743 153.743 153.743
139.633 139.633 139.633 139.633 139.633 139.633
124.453 124.453 124.453 124.453 124.453 124.453
114.015 114.015 114.015 114.015 114.015 114.015
117.779 117.779 117.779 117.779 117.779 117.779
121.515 121.515 121.515 121.515 121.515 121.515
125.523 125.523 125.523 125.523 125.523 125.523
129.325 129.325 129.325 129.325 129.325 129.325
133.602 133.602 133.602 133.602 133.602 133.602
135.517 135.517 135.517 135.517 135.517 135.517
137.361 137.361 137.361 137.361 137.361 137.361
136.956 136.956 136.956 136.956 136.956 136.956
140.036 140.036 140.036 140.036 140.036 140.036
141.199 141.199 141.199 141.199 141.199 141.199
141.916 141.916 141.916 141.916 141.916 141.916
142.561 142.561 142.561 142.561 142.561 142.561
139.594 139.594 139.594 139.594 139.594 139.594
128.48 128.48 128.48 128.48 128.48 128.48
117.242 117.242 117.242 117.242 117.242 117.242
107.118 107.118 107.118 107.118 107.118 107.118
111.958 111.958 111.958 111.958 111.958 111.958
114.511 114.511 114.511 114.511 114.511 114.511
115.005 115.005 115.005 115.005 115.005 115.005
118.725 118.725 118.725 118.725 118.725 118.725
122.29 122.29 122.29 122.29 122.29 122.29
123.359 123.359 123.359 123.359 123.359 123.359
123.221 123.221 123.221 123.221 123.221 123.221
122.649 122.649 122.649 122.649 122.649 122.649
123.012 123.012 123.012 123.012 123.012 123.012
123.415 123.415 123.415 123.415 123.415 123.415
122.95 122.95 122.95 122.95 122.95 122.95
123.071 123.071 123.071 123.071 123.071 123.071
116.718 116.718 116.718 116.718 116.718 116.718
106.934 106.934 106.934 106.934 106.934 106.934
97.396 97.396 97.396 97.396 97.396 97.396
105.585 105.585 105.585 105.585 105.585 105.585
108.124 108.124 108.124 108.124 108.124 108.124
111.912 111.912 111.912 111.912 111.912 111.912
109.426 109.426 109.426 109.426 109.426 109.426
115.748 115.748 115.748 115.748 115.748 115.748
126.348 126.348 126.348 126.348 126.348 126.348
144.109 144.109 144.109 144.109 144.109 144.109
158.824 158.824 158.824 158.824 158.824 158.824
172.225 172.225 172.225 172.225 172.225 172.225
182.893 182.893 182.893 182.893 182.893 182.893
194.718 194.718 194.718 194.718 194.718 194.718
204.68 204.68 204.68 204.68 204.68 204.68
208.965 208.965 208.965 208.965 208.965 208.965
203.269 203.269 203.269 203.269 203.269 203.269
184.405 184.405 184.405 184.405 184.405 184.405
172.94 172.94 172.94 172.94 172.94 172.94
176.858 176.858 176.858 176.858 176.858 176.858
177.508 177.508 177.508 177.508 177.508 177.508
177.754 177.754 177.754 177.754 177.754 177.754
178.872 178.872 178.872 178.872 178.872 178.872
178.952 178.952 178.952 178.952 178.952 178.952
175.784 175.784 175.784 175.784 175.784 175.784
177.359 177.359 177.359 177.359 177.359 177.359
177.992 177.992 177.992 177.992 177.992 177.992
178.396 178.396 178.396 178.396 178.396 178.396
178.889 178.889 178.889 178.889 178.889 178.889
177.096 177.096 177.096 177.096 177.096 177.096
175.064 175.064 175.064 175.064 175.064 175.064
177.537 177.537 177.537 177.537 177.537 177.537
180.244 180.244 180.244 180.244 180.244 180.244
181.418 181.418 181.418 181.418 181.418 181.418
184.148 184.148 184.148 184.148 184.148 184.148
188.712 188.712 188.712 188.712 188.712 188.712
194.598 194.598 194.598 194.598 194.598 194.598
200.517 200.517 200.517 200.517 200.517 200.517
207.564 207.564 207.564 207.564 207.564 207.564
218.319 218.319 218.319 218.319 218.319 218.319
232.25 232.25 232.25 232.25 232.25 232.25
246.532 246.532 246.532 246.532 246.532 246.532
260.214 260.214 260.214 260.214 260.214 260.214
274.927 274.927 274.927 274.927 274.927 274.927
290.131 290.131 290.131 290.131 290.131 290.131
303.249 303.249 303.249 303.249 303.249 303.249
313.221 313.221 313.221 313.221 313.221 313.221
321.842 321.842 321.842 321.842 321.842 321.842
336.45 336.45 336.45 336.45 336.45 336.45
362.076 362.076 362.076 362.076 362.076 362.076
373.254 373.254 373.254 373.254 373.254 373.254
380.589 380.589 380.589 380.589 380.589 380.589
398.285 398.285 398.285 398.285 398.285 398.285
410.326 410.326 410.326 410.326 410.326 410.326
420.848 420.848 420.848 420.848 420.848 420.848
432.943 432.943 432.943 432.943 432.943 432.943
450.32 450.32 450.32 450.32 450.32 450.32
456.57 456.57 456.57 456.57 456.57 456.57
452.081 452.081 452.081 452.081 452.081 452.081
458.022 458.022 458.022 458.022 458.022 458.022
462.653 462.653 462.653 462.653 462.653 462.653
465.419 465.419 465.419 465.419 465.419 465.419
467.218 467.218 467.218 467.218 467.218 467.218
466.833 466.833 466.833 466.833 466.833 466.833
473.71 473.71 473.71 473.71 473.71 473.71
475.241 475.241 475.241 475.241 475.241 475.241
469.28 469.28 469.28 469.28 469.28 469.28
466.615 466.615 466.615 466.615 466.615 466.615
445.966 445.966 445.966 445.966 445.966 445.966
443.016 443.016 443.016 443.016 443.016 443.016
444.025 444.025 444.025 444.025 444.025 444.025
444.079 444.079 444.079 444.079 444.079 444.079
451.615 451.615 451.615 451.615 451.615 451.615
453.347 453.347 453.347 453.347 453.347 453.347
452.916 452.916 452.916 452.916 452.916 452.916
456.971 456.971 456.971 456.971 456.971 456.971
467.403 467.403 467.403 467.403 467.403 467.403
467.078 467.078 467.078 467.078 467.078 467.078
467.103 467.103 467.103 467.103 467.103 467.103
466.258 466.258 466.258 466.258 466.258 466.258
465.511 465.511 465.511 465.511 465.511 465.511
466.382 466.382 466.382 466.382 466.382 466.382
467.298 467.298 467.298 467.298 467.298 467.298
467.651 467.651 467.651 467.651 467.651 467.651
469.601 469.601 469.601 469.601 469.601 469.601
471.525 471.525 471.525 471.525 471.525 471.525
471.756 471.756 471.756 471.756 471.756 471.756
470.294 470.294 470.294 470.294 470.294 470.294
467.952 467.952 467.952 467.952 467.952 467.952
471.287 471.287 471.287 471.287 471.287 471.287
472.638 472.638 472.638 472.638 472.638 472.638
471.563 471.563 471.563 471.563 471.563 471.563
472.328 472.328 472.328 472.328 472.328 472.328
475.128 475.128 475.128 475.128 475.128 475.128
479.263 479.263 479.263 479.263 479.263 479.263
484.482 484.482 484.482 484.482 484.482 484.482
490.205 490.205 490.205 490.205 490.205 490.205
498.352 498.352 498.352 498.352 498.352 498.352
507.499 507.499 507.499 507.499 507.499 507.499
512.998 512.998 512.998 512.998 512.998 512.998
517.153 517.153 517.153 517.153 517.153 517.153
518.014 518.014 518.014 518.014 518.014 518.014
517.721 517.721 517.721 517.721 517.721 517.721
515.857 515.857 515.857 515.857 515.857 515.857
515.002 515.002 515.002 515.002 515.002 515.002
514.572 514.572 514.572 514.572 514.572 514.572
513.294 513.294 513.294 513.294 513.294 513.294
513.497 513.497 513.497 513.497 513.497 513.497
512.245 512.245 512.245 512.245 512.245 512.245
510.322 510.322 510.322 510.322 510.322 510.322
509.968 509.968 509.968 509.968 509.968 509.968
510.39 510.39 510.39 510.39 510.39 510.39
509.302 509.302 509.302 509.302 509.302 509.302
506.772 506.772 506.772 506.772 506.772 506.772
504.963 504.963 504.963 504.963 504.963 504.963
505.779 505.779 505.779 505.779 505.779 505.779
505.312 505.312 505.312 505.312 505.312 505.312
504.917 504.917 504.917 504.917 504.917 504.917
506.24 506.24 506.24 506.24 506.24 506.24
506.74 506.74 506.74 506.74 506.74 506.74
505.934 505.934 505.934 505.934 505.934 505.934
505.254 505.254 505.254 505.254 505.254 505.254
506.322 506.322 506.322 506.322 506.322 506.322
508.432 508.432 508.432 508.432 508.432 508.432
509.421 509.421 509.421 509.421 509.421 509.421
508.428 508.428 508.428 508.428 508.428 508.428
508.528 508.528 508.528 508.528 508.528 508.528
508.948 508.948 508.948 508.948 508.948 508.948
510.475 510.475 510.475 510.475 510.475 510.475
511.952 511.952 511.952 511.952 511.952 511.952
514.661 514.661 514.661 514.661 514.661 514.661
515.962 515.962 515.962 515.962 515.962 515.962
515.139 515.139 515.139 515.139 515.139 515.139
517.747 517.747 517.747 517.747 517.747 517.747
520.837 520.837 520.837 520.837 520.837 520.837
520.499 520.499 520.499 520.499 520.499 520.499
525.106 525.106 525.106 525.106 525.106 525.106
525.261 525.261 525.261 525.261 525.261 525.261
526.297 526.297 526.297 526.297 526.297 526.297
524.539 524.539 524.539 524.539 524.539 524.539
519.56 519.56 519.56 519.56 519.56 519.56
513.488 513.488 513.488 513.488 513.488 513.488
503.391 503.391 503.391 503.391 503.391 503.391
496.545 496.545 496.545 496.545 496.545 496.545
492.995 492.995 492.995 492.995 492.995 492.995
481.728 481.728 481.728 481.728 481.728 481.728
478.92 478.92 478.92 478.92 478.92 478.92
472.426 472.426 472.426 472.426 472.426 472.426
464.899 464.899 464.899 464.899 464.899 464.899
471.338 471.338 471.338 471.338 471.338 471.338
463.796 463.796 463.796 463.796 463.796 463.796
439.402 439.402 439.402 439.402 439.402 439.402
435.185 435.185 435.185 435.185 435.185 435.185
426.856 426.856 426.856 426.856 426.856 426.856
415.889 415.889 415.889 415.889 415.889 415.889
411.318 411.318 411.318 411.318 411.318 411.318
410.9 410.9 410.9 410.9 410.9 410.9
404.108 404.108 404.108 404.108 404.108 404.108
395.78 395.78 395.78 395.78 395.78 395.78
386.795 386.795 386.795 386.795 386.795 386.795
376.821 376.821 376.821 376.821 376.821 376.821
365.435 365.435 365.435 365.435 365.435 365.435
355.213 355.213 355.213 355.213 355.213 355.213
345.705 345.705 345.705 345.705 345.705 345.705
336.303 336.303 336.303 336.303 336.303 336.303
330.04 330.04 330.04 330.04 330.04 330.04
323.038 323.038 323.038 323.038 323.038 323.038
317.059 317.059 317.059 317.059 317.059 317.059
314.762 314.762 314.762 314.762 314.762 314.762
313.698 313.698 313.698 313.698 313.698 313.698
310.808 310.808 310.808 310.808 310.808 310.808
308.214 308.214 308.214 308.214 308.214 308.214
306.533 306.533 306.533 306.533 306.533 306.533
305.879 305.879 305.879 305.879 305.879 305.879
305.354 305.354 305.354 305.354 305.354 305.354
304.184 304.184 304.184 304.184 304.184 304.184
301.793 301.793 301.793 301.793 301.793 301.793
297.617 297.617 297.617 297.617 297.617 297.617
292.154 292.154 292.154 292.154 292.154 292.154
287.417 287.417 287.417 287.417 287.417 287.417
283.353 283.353 283.353 283.353 283.353 283.353
278.04 278.04 278.04 278.04 278.04 278.04
271.718 271.718 271.718 271.718 271.718 271.718
265.936 265.936 265.936 265.936 265.936 265.936
261.947 261.947 261.947 261.947 261.947 261.947
258.692 258.692 258.692 258.692 258.692 258.692
255.813 255.813 255.813 255.813 255.813 255.813
246.076 246.076 246.076 246.076 246.076 246.076
241.169 241.169 241.169 241.169 241.169 241.169
241.034 241.034 241.034 241.034 241.034 241.034
242.834 242.834 242.834 242.834 242.834 242.834
244.68 244.68 244.68 244.68 244.68 244.68
244.34 244.34 244.34 244.34 244.34 244.34
244.107 244.107 244.107 244.107 244.107 244.107
244.224 244.224 244.224 244.224 244.224 244.224
238.858 238.858 238.858 238.858 238.858 238.858
243.67 243.67 243.67 243.67 243.67 243.67
240.679 240.679 240.679 240.679 240.679 240.679
240.528 240.528 240.528 240.528 240.528 240.528
245.981 245.981 245.981 245.981 245.981 245.981
249.099 249.099 249.099 249.099 249.099 249.099
249.423 249.423 249.423 249.423 249.423 249.423
249.659 249.659 249.659 249.659 249.659 249.659
252.966 252.966 252.966 252.966 252.966 252.966
256.301 256.301 256.301 256.301 256.301 256.301
256.2 256.2 256.2 256.2 256.2 256.2
256.573 256.573 256.573 256.573 256.573 256.573
255.628 255.628 255.628 255.628 255.628 255.628
255.571 255.571 255.571 255.571 255.571 255.571
256.295 256.295 256.295 256.295 256.295 256.295
257.754 257.754 257.754 257.754 257.754 257.754
258.404 258.404 258.404 258.404 258.404 258.404
258.174 258.174 258.174 258.174 258.174 258.174
257.649 257.649 257.649 257.649 257.649 257.649
257.889 257.889 257.889 257.889 257.889 257.889
258.621 258.621 258.621 258.621 258.621 258.621
259.725 259.725 259.725 259.725 259.725 259.725
259.417 259.417 259.417 259.417 259.417 259.417
258.099 258.099 258.099 258.099 258.099 258.099
259.365 259.365 259.365 259.365 259.365 259.365
260.032 260.032 260.032 260.032 260.032 260.032
258.304 258.304 258.304 258.304 258.304 258.304
258.719 258.719 258.719 258.719 258.719 258.719
259.678 259.678 259.678 259.678 259.678 259.678
260.838 260.838 260.838 260.838 260.838 260.838
262.078 262.078 262.078 262.078 262.078 262.078
262.477 262.477 262.477 262.477 262.477 262.477
262.906 262.906 262.906 262.906 262.906 262.906
257.229 257.229 257.229 257.229 257.229 257.229
260.452 260.452 260.452 260.452 260.452 260.452
266.922 266.922 266.922 266.922 266.922 266.922
273.806 273.806 273.806 273.806 273.806 273.806
277.353 277.353 277.353 277.353 277.353 277.353
277.302 277.302 277.302 277.302 277.302 277.302
279.369 279.369 279.369 279.369 279.369 279.369
282.023 282.023 282.023 282.023 282.023 282.023
284.613 284.613 284.613 284.613 284.613 284.613
287.509 287.509 287.509 287.509 287.509 287.509
290.83 290.83 290.83 290.83 290.83 290.83
293.264 293.264 293.264 293.264 293.264 293.264
295.175 295.175 295.175 295.175 295.175 295.175
297.087 297.087 297.087 297.087 297.087 297.087
297.764 297.764 297.764 297.764 297.764 297.764
297.19 297.19 297.19 297.19 297.19 297.19
296.341 296.341 296.341 296.341 296.341 296.341
296.249 296.249 296.249 296.249 296.249 296.249
295.395 295.395 295.395 295.395 295.395 295.395
297.237 297.237 297.237 297.237 297.237 297.237
299.178 299.178 299.178 299.178 299.178 299.178
300.738 300.738 300.738 300.738 300.738 300.738
298.941 298.941 298.941 298.941 298.941 298.941
302.986 302.986 302.986 302.986 302.986 302.986
322.753 322.753 322.753 322.753 322.753 322.753
322.648 322.648 322.648 322.648 322.648 322.648
318.944 318.944 318.944 318.944 318.944 318.944
315.134 315.134 315.134 315.134 315.134 315.134
312.769 312.769 312.769 312.769 312.769 312.769
306.917 306.917 306.917 306.917 306.917 306.917
308.934 308.934 308.934 308.934 308.934 308.934
304.61 304.61 304.61 304.61 304.61 304.61
301.413 301.413 301.413 301.413 301.413 301.413
298.557 298.557 298.557 298.557 298.557 298.557
294.559 294.559 294.559 294.559 294.559 294.559
295.943 295.943 295.943 295.943 295.943 295.943
291.829 291.829 291.829 291.829 291.829 291.829
290.505 290.505 290.505 290.505 290.505 290.505
293.537 293.537 293.537 293.537 293.537 293.537
294.311 294.311 294.311 294.311 294.311 294.311
293.24 293.24 293.24 293.24 293.24 293.24
293.903 293.903 293.903 293.903 293.903 293.903
295.609 295.609 295.609 295.609 295.609 295.609
295.989 295.989 295.989 295.989 295.989 295.989
296.104 296.104 296.104 296.104 296.104 296.104
298.983 298.983 298.983 298.983 298.983 298.983
301.455 301.455 301.455 301.455 301.455 301.455
302.72 302.72 302.72 302.72 302.72 302.72
302.939 302.939 302.939 302.939 302.939 302.939
303.422 303.422 303.422 303.422 303.422 303.422
304.74 304.74 304.74 304.74 304.74 304.74
304.649 304.649 304.649 304.649 304.649 304.649
304.275 304.275 304.275 304.275 304.275 304.275
304.316 304.316 304.316 304.316 304.316 304.316
301.987 301.987 301.987 301.987 301.987 301.987
300.357 300.357 300.357 300.357 300.357 300.357
300.539 300.539 300.539 300.539 300.539 300.539
302.775 302.775 302.775 302.775 302.775 302.775
303.135 303.135 303.135 303.135 303.135 303.135
298.751 298.751 298.751 298.751 298.751 298.751
296.211 296.211 296.211 296.211 296.211 296.211
295.259 295.259 295.259 295.259 295.259 295.259
294.631 294.631 294.631 294.631 294.631 294.631
296 296 296 296 296 296
295.66 295.66 295.66 295.66 295.66 295.66
291.029 291.029 291.029 291.029 291.029 291.029
290.914 290.914 290.914 290.914 290.914 290.914
292.159 292.159 292.159 292.159 292.159 292.159
292.77 292.77 292.77 292.77 292.77 292.77
292.107 292.107 292.107 292.107 292.107 292.107
292.54 292.54 292.54 292.54 292.54 292.54
293.528 293.528 293.528 293.528 293.528 293.528
293.917 293.917 293.917 293.917 293.917 293.917
290.737 290.737 290.737 290.737 290.737 290.737
287.973 287.973 287.973 287.973 287.973 287.973
293.054 293.054 293.054 293.054 293.054 293.054
295.773 295.773 295.773 295.773 295.773 295.773
296.328 296.328 296.328 296.328 296.328 296.328
298.066 298.066 298.066 298.066 298.066 298.066
300.287 300.287 300.287 300.287 300.287 300.287
274.888 274.888 274.888 274.888 274.888 274.888
247.368 247.368 247.368 247.368 247.368 247.368
219.848 219.848 219.848 219.848 219.848 219.848
192.329 192.329 192.329 192.329 192.329 192.329
164.809 164.809 164.809 164.809 164.809 164.809
137.289 137.289 137.289 137.289 137.289 137.289
109.769 109.769 109.769 109.769 109.769 109.769
82.2493 82.2493 82.2493 82.2493 82.2493 82.2493
73.3382 73.3382 73.3382 73.3382 73.3382 73.3382
