0 48
1 47
2 47
3 47
4 47
5 47
6 47
7 47
8 47
9 47
10 47
11 47
12 47
13 47
14 47
15 47
16 47
17 47
18 47
19 47
20 47
21 47
22 47
23 47
24 47
25 47
26 47
27 47
28 47
29 47
30 47
31 47
32 47
33 47
34 47
35 47
36 47
37 47
38 47
39 47
40 47
41 47
42 47
43 47
44 47
45 47
46 47
47 47
48 47
49 47
50 47
51 47
52 47
53 47
54 47
55 47
56 47
57 47
58 47
59 47
60 47
61 47
62 47
63 47
64 47
65 47
66 47
67 47
68 47
69 47
70 47
71 47
72 47
73 47
74 47
75 47
76 47
77 47
78 47
79 47
80 47
81 47
82 47
83 47
84 47
85 47
86 47
87 47
88 47
89 47
90 47
91 47
92 47
93 47
94 47
95 47
96 47
97 47
98 47
99 47
100 47
101 47
102 47
103 47
104 47
105 47
106 47
107 47
108 47
109 47
110 47
111 47
112 47
113 47
114 47
115 47
116 47
117 47
118 47
119 47
120 47
121 47
122 47
123 47
124 47
125 47
126 47
127 47
128 43
129 45
130 47
131 47
132 47
133 47
134 47
135 47
136 47
137 47
138 47
139 47
140 47
141 47
142 47
143 47
144 47
145 47
146 47
147 47
148 47
149 47
150 47
151 47
152 47
153 47
154 47
155 47
156 47
157 47
158 47
159 47
160 47
161 47
162 47
163 47
164 48
165 48
166 48
167 43
168 42
169 42
170 48
171 49
172 59
173 59
174 59
175 50
176 50
177 59
178 59
179 49
180 49
181 49
182 49
183 49
184 49
185 49
186 49
187 49
188 49
189 48
190 49
191 49
192 48
193 42
194 42
195 42
196 48
197 48
198 49
199 61
200 81
201 81
202 81
203 80
204 80
205 62
206 61
207 61
208 62
209 67
210 65
211 65
212 65
213 65
214 65
215 65
216 65
217 58
218 58
219 58
220 57
221 57
222 56
223 56
224 56
225 56
226 56
227 57
228 56
229 56
230 56
231 57
232 57
233 56
234 56
235 57
236 57
237 57
238 57
239 57
240 57
241 57
242 57
243 57
244 57
245 57
246 57
247 57
248 57
249 58
250 61
251 61
252 60
253 60
254 50
255 49
256 49
257 49
258 49
259 48
260 47
261 47
262 47
263 47
264 47
265 47
266 47
267 47
268 47
269 47
270 47
271 47
272 47
273 47
274 47
275 47
276 47
277 47
278 47
279 47
280 47
281 47
282 47
283 47
284 47
285 47
286 47
287 47
288 47
289 47
290 47
291 47
292 47
293 47
294 47
295 47
296 47
297 47
298 45
299 43
300 42
301 42
302 84
303 84
304 84
305 84
306 84
307 84
308 84
309 42
310 42
311 42
312 42
313 42
314 42
315 42
316 42
317 42
318 42
319 42
320 42
321 42
322 42
323 42
324 42
325 42
326 42
327 42
328 42
329 42
330 84
331 84
332 84
333 84
334 42
335 42
336 84
337 62
338 50
339 62
340 62
341 80
342 62
343 62
344 64
345 65
346 64
347 65
348 64
349 64
350 64
351 64
352 64
353 64
354 64
355 64
356 64
357 64
358 64
359 64
360 64
361 64
362 64
363 64
364 64
365 64
366 64
367 64
368 64
369 64
370 64
371 64
372 64
373 64
374 64
375 64
376 64
377 64
378 64
379 64
380 64
381 64
382 64
383 64
384 64
385 64
386 64
387 64
388 65
389 66
390 66
391 68
392 68
393 69
394 70
395 70
396 70
397 70
398 70
399 70
400 70
401 70
402 70
403 70
404 69
405 69
406 69
407 68
408 68
409 69
410 69
411 69
412 69
413 69
414 69
415 69
416 68
417 68
418 68
419 68
420 68
421 69
422 69
423 68
424 68
425 68
426 67
427 69
428 70
429 71
430 72
431 72
432 76
433 76
434 76
435 25
436 24
437 22
438 21
439 21
440 21
441 21
442 21
443 21
444 21
445 22
446 22
447 22
448 23
449 23
450 24
451 26
452 27
453 28
454 29
455 29
456 29
457 29
458 29
459 76
460 76
461 76
462 76
463 76
464 76
465 76
466 76
467 76
468 76
469 76
470 72
471 72
472 72
473 72
474 72
475 72
476 72
477 71
478 70
479 69
480 69
481 70
482 71
483 71
484 71
485 71
486 69
487 69
488 63
489 69
490 69
491 69
492 69
493 69
494 69
495 70
496 71
497 71
498 71
499 71
500 72
501 72
502 72
503 72
504 72
505 73
506 73
507 73
508 73
509 73
510 73
511 72
512 72
513 72
514 73
515 73
516 73
517 73
518 73
519 73
520 72
521 72
522 72
523 72
524 71
525 73
526 73
527 69
528 67
529 67
530 68
531 66
532 68
533 68
534 68
535 68
536 69
537 70
538 74
539 74
540 74
541 74
542 74
543 75
544 77
545 78
546 78
547 78
548 79
549 79
550 79
551 79
552 79
553 78
554 78
555 78
556 77
557 77
558 77
559 77
560 77
561 76
562 76
563 76
564 76
565 76
566 76
567 76
568 76
569 76
570 76
571 76
572 76
573 76
574 76
575 76
576 76
577 76
578 76
579 76
580 76
581 72
582 76
583 76
584 76
585 76
586 76
587 76
588 76
589 76
590 76
591 76
592 72
593 76
594 76
595 76
596 76
597 76
598 76
599 76
600 79
601 80
602 49
603 42
604 42
605 42
606 43
607 48
