0 1
1 223
2 223
3 223
4 223
5 223
6 223
7 13
8 223
9 224
10 224
11 224
12 224
13 224
14 224
15 224
16 224
17 224
18 224
19 224
20 224
21 224
22 224
23 224
24 224
25 224
26 224
27 224
28 224
29 223
30 223
31 223
32 224
33 224
34 224
35 224
36 223
37 223
38 224
39 224
40 224
41 224
42 224
43 224
44 224
45 224
46 224
47 223
48 224
49 224
50 224
51 224
52 224
53 224
54 224
55 223
56 224
57 224
58 224
59 224
60 224
61 224
62 223
63 223
64 224
65 224
66 223
67 224
68 224
69 224
70 223
71 13
72 13
73 224
74 224
75 224
76 13
77 224
78 224
79 224
80 144
81 144
82 144
83 144
84 144
85 138
86 138
87 138
88 138
89 138
90 138
91 138
92 138
93 91
94 91
95 91
96 91
97 91
98 91
99 91
100 91
101 91
102 91
103 91
104 91
105 91
106 91
107 90
108 90
109 90
110 90
111 89
112 89
113 87
114 146
115 146
116 216
117 216
118 217
119 217
120 150
121 150
122 150
123 150
124 150
125 150
126 150
127 150
128 4
129 4
130 4
131 4
132 5
133 6
134 6
135 6
136 6
137 6
138 6
139 6
140 6
141 6
142 6
143 6
144 6
145 6
146 6
147 6
148 6
149 6
150 7
151 7
152 8
153 9
154 9
155 8
156 9
157 8
158 7
159 6
160 6
161 144
162 144
163 6
164 5
165 4
166 3
167 3
168 3
169 162
170 162
171 162
172 162
173 162
174 162
175 162
176 162
177 162
178 162
179 162
180 162
181 162
182 162
183 162
184 162
185 162
186 162
187 162
188 162
189 162
190 162
191 162
192 162
193 162
194 162
195 162
196 162
197 162
198 162
199 162
200 162
201 162
202 162
203 162
204 162
205 103
206 103
207 103
208 161
209 161
210 161
211 161
212 161
213 161
214 161
215 161
216 161
217 161
218 161
219 161
220 161
221 161
222 161
223 161
224 161
225 161
226 161
227 161
228 161
229 161
230 161
231 161
232 161
233 161
234 161
235 161
236 161
237 161
238 161
239 161
240 161
241 161
242 161
243 161
244 161
245 161
246 161
247 161
248 161
249 161
250 102
251 102
252 103
253 144
254 144
255 144
256 144
257 144
258 144
259 150
260 150
261 95
262 95
263 95
264 89
265 89
266 95
267 95
268 95
269 95
270 95
271 95
272 95
273 95
274 95
275 95
276 95
277 94
278 94
279 94
280 150
281 150
282 150
283 150
284 150
285 215
286 150
287 216
288 216
289 216
290 151
291 150
292 150
293 150
294 150
295 150
296 150
297 150
298 150
299 150
300 3
301 3
302 3
303 144
304 144
305 144
306 144
307 144
308 144
309 144
310 144
311 144
312 144
313 144
314 144
315 144
316 144
317 144
318 144
319 144
320 144
321 144
322 144
323 144
324 144
325 144
326 144
327 144
328 144
329 144
330 144
331 144
332 144
333 144
334 138
335 138
336 138
337 138
338 114
339 138
340 114
341 114
342 114
343 114
344 114
345 114
346 114
347 114
348 114
349 114
350 114
351 114
352 114
353 114
354 114
355 114
356 114
357 114
358 114
359 114
360 114
361 114
362 114
363 114
364 114
365 114
366 114
367 114
368 114
369 114
370 114
371 114
372 114
373 114
374 114
375 114
376 114
377 114
378 114
379 114
380 114
381 114
382 114
383 113
384 113
385 113
386 113
387 113
388 113
389 113
390 113
391 113
392 113
393 113
394 113
395 113
396 113
397 113
398 113
399 113
400 113
401 113
402 113
403 147
404 147
405 147
406 147
407 147
408 147
409 147
410 147
411 147
412 147
413 147
414 113
415 113
416 113
417 113
418 113
419 113
420 113
421 113
422 113
423 113
424 113
425 113
426 113
427 113
428 113
429 147
430 147
431 147
432 147
433 147
434 147
435 147
436 147
437 147
438 147
439 147
440 160
441 160
442 132
443 132
444 132
445 132
446 132
447 132
448 132
449 132
450 132
451 132
452 132
453 132
454 131
455 131
456 131
457 131
458 131
459 131
460 131
461 131
462 131
463 131
464 131
465 131
466 131
467 161
468 161
469 161
470 161
471 161
472 161
473 161
474 161
475 161
476 161
477 161
478 161
479 161
480 161
481 161
482 161
483 161
484 161
485 161
486 161
487 161
488 161
489 161
490 161
491 161
492 161
493 161
494 161
495 161
496 161
497 161
498 161
499 161
500 161
501 161
502 161
503 161
504 161
505 161
506 161
507 161
508 161
509 161
510 161
511 161
512 161
513 161
514 161
515 161
516 161
517 161
518 161
519 161
520 161
521 161
522 161
523 161
524 161
525 161
526 161
527 161
528 161
529 161
530 161
531 161
532 161
533 161
534 161
535 161
536 161
537 161
538 161
539 161
540 161
541 161
542 161
543 161
544 161
545 161
546 161
547 144
548 144
549 144
550 102
551 102
552 102
553 161
554 161
555 161
556 161
557 161
558 161
559 161
560 161
561 161
562 161
563 161
564 161
565 161
566 161
567 161
568 161
569 161
570 161
571 161
572 161
573 161
574 161
575 161
576 161
577 161
578 161
579 161
580 161
581 161
582 161
583 161
584 161
585 161
586 161
587 161
588 161
589 161
590 161
591 161
592 161
593 161
594 161
595 161
596 161
597 161
598 161
599 161
600 161
601 162
602 162
603 3
604 3
605 3
606 3
607 3
