0 32
1 32
2 32
3 32
4 32
5 32
6 32
7 32
8 32
9 32
10 32
11 32
12 32
13 32
14 32
15 32
16 32
17 32
18 32
19 32
20 32
21 32
22 32
23 32
24 32
25 32
26 32
27 32
28 32
29 32
30 32
31 32
32 32
33 32
34 32
35 32
36 32
37 32
38 32
39 32
40 32
41 32
42 32
43 32
44 32
45 32
46 32
47 32
48 32
49 32
50 32
51 32
52 32
53 32
54 32
55 32
56 32
57 32
58 32
59 32
60 32
61 32
62 32
63 32
64 32
65 32
66 32
67 32
68 32
69 32
70 32
71 32
72 32
73 32
74 32
75 32
76 32
77 32
78 32
79 32
80 28
81 27
82 27
83 27
84 27
85 27
86 26
87 25
88 25
89 25
90 25
91 25
92 25
93 25
94 25
95 25
96 25
97 26
98 26
99 26
100 26
101 27
102 27
103 27
104 27
105 26
106 26
107 26
108 26
109 26
110 26
111 26
112 130
113 130
114 115
115 109
116 109
117 111
118 111
119 112
120 112
121 113
122 113
123 112
124 112
125 111
126 111
127 109
128 108
129 109
130 109
131 109
132 109
133 109
134 26
135 26
136 26
137 26
138 26
139 26
140 26
141 26
142 26
143 26
144 26
145 26
146 26
147 26
148 27
149 26
150 26
151 26
152 26
153 26
154 26
155 26
156 26
157 26
158 26
159 26
160 26
161 26
162 109
163 109
164 110
165 112
166 114
167 116
168 117
169 118
170 117
171 117
172 118
173 118
174 117
175 117
176 117
177 117
178 117
179 118
180 117
181 117
182 118
183 118
184 118
185 118
186 118
187 118
188 118
189 118
190 118
191 118
192 118
193 118
194 118
195 118
196 118
197 118
198 118
199 118
200 118
201 118
202 118
203 118
204 118
205 118
206 118
207 118
208 118
209 117
210 117
211 117
212 117
213 117
214 117
215 117
216 117
217 115
218 115
219 115
220 115
221 115
222 115
223 115
224 115
225 117
226 117
227 117
228 117
229 117
230 117
231 117
232 117
233 117
234 117
235 117
236 117
237 117
238 117
239 117
240 117
241 117
242 117
243 117
244 117
245 117
246 117
247 117
248 117
249 117
250 118
251 2
252 2
253 3
254 3
255 2
256 2
257 2
258 1
259 1
260 118
261 118
262 119
263 120
264 129
265 0
266 0
267 0
268 0
269 0
270 0
271 0
272 0
273 130
274 130
275 130
276 130
277 115
278 115
279 130
280 130
281 130
282 130
283 130
284 130
285 130
286 130
287 130
288 130
289 130
290 128
291 122
292 119
293 116
294 116
295 116
296 114
297 113
298 112
299 114
300 115
301 114
302 113
303 36
304 37
305 37
306 24
307 24
308 24
309 24
310 24
311 24
312 24
313 24
314 24
315 24
316 24
317 24
318 24
319 24
320 24
321 24
322 24
323 24
324 24
325 24
326 24
327 24
328 24
329 24
330 24
331 24
332 21
333 20
334 20
335 19
336 18
337 16
338 16
339 16
340 16
341 16
342 16
343 16
344 16
345 16
346 16
347 16
348 16
349 16
350 16
351 16
352 16
353 16
354 16
355 16
356 16
357 16
358 16
359 16
360 16
361 16
362 16
363 16
364 16
365 16
366 16
367 16
368 16
369 16
370 16
371 16
372 16
373 16
374 16
375 16
376 16
377 16
378 16
379 16
380 16
381 16
382 16
383 16
384 16
385 16
386 7
387 7
388 7
389 6
390 5
391 3
392 3
393 3
394 3
395 2
396 2
397 2
398 3
399 3
400 2
401 3
402 3
403 3
404 2
405 2
406 2
407 2
408 2
409 2
410 2
411 2
412 2
413 2
414 2
415 2
416 2
417 2
418 2
419 2
420 2
421 2
422 2
423 2
424 2
425 2
426 2
427 2
428 118
429 118
430 117
431 117
432 45
433 45
434 64
435 64
436 64
437 64
438 64
439 64
440 64
441 64
442 64
443 64
444 64
445 64
446 64
447 64
448 64
449 64
450 64
451 64
452 64
453 64
454 64
455 64
456 64
457 64
458 64
459 64
460 64
461 64
462 64
463 45
464 45
465 45
466 45
467 45
468 45
469 113
470 113
471 113
472 113
473 113
474 113
475 113
476 114
477 114
478 114
479 113
480 114
481 114
482 114
483 114
484 114
485 115
486 117
487 117
488 117
489 117
490 115
491 115
492 114
493 115
494 115
495 115
496 115
497 115
498 115
499 115
500 114
501 114
502 114
503 114
504 114
505 114
506 114
507 114
508 114
509 114
510 114
511 114
512 114
513 114
514 114
515 114
516 115
517 117
518 117
519 117
520 117
521 117
522 118
523 118
524 118
525 2
526 2
527 2
528 3
529 3
530 5
531 6
532 6
533 6
534 6
535 5
536 5
537 3
538 5
539 5
540 3
541 3
542 3
543 7
544 7
545 6
546 3
547 3
548 64
549 64
550 64
551 64
552 64
553 64
554 64
555 64
556 64
557 64
558 64
559 64
560 64
561 64
562 46
563 46
564 46
565 46
566 45
567 45
568 45
569 45
570 45
571 45
572 45
573 44
574 44
575 44
576 117
577 117
578 117
579 117
580 117
581 117
582 117
583 117
584 44
585 44
586 45
587 45
588 45
589 45
590 45
591 117
592 117
593 117
594 45
595 45
596 45
597 117
598 117
599 117
600 117
601 117
602 117
603 117
604 113
605 109
606 106
607 30
