111.087 109.683 109.841 109.999 110.157 110.315 110.473 110.631 110.789 110.947 111.105
111.087 109.683 109.841 109.999 110.157 110.315 110.473 110.631 110.789 110.947 111.105
111.087 109.683 109.841 109.999 110.157 110.315 110.473 110.631 110.789 110.947 111.105
111.087 109.683 109.841 109.999 110.157 110.315 110.473 110.631 110.789 110.947 111.105
111.087 109.683 109.841 109.999 110.157 110.315 110.473 110.631 110.789 110.947 111.105
111.087 109.683 109.841 109.999 110.157 110.315 110.473 110.631 110.789 110.947 111.105
111.087 109.683 109.841 109.999 110.157 110.315 110.473 110.631 110.789 110.947 111.105
111.087 109.683 109.841 109.999 110.157 110.315 110.473 110.631 110.789 110.947 111.105
111.087 109.683 109.841 109.999 110.157 110.315 110.473 110.631 110.789 110.947 111.105
111.087 109.683 109.841 109.999 110.157 110.315 110.473 110.631 110.789 110.947 111.105
111.087 109.683 109.841 109.999 110.157 110.315 110.473 110.631 110.789 110.947 111.105
111.087 109.683 109.841 109.999 110.157 110.315 110.473 110.631 110.789 110.947 111.105
111.087 109.683 109.841 109.999 110.157 110.315 110.473 110.631 110.789 110.947 111.105
111.087 109.683 109.841 109.999 110.157 110.315 110.473 110.631 110.789 110.947 111.105
111.087 109.683 109.841 109.999 110.157 110.315 110.473 110.631 110.789 110.947 111.105
111.087 109.683 109.841 109.999 110.157 110.315 110.473 110.631 110.789 110.947 111.105
111.087 109.683 109.841 109.999 110.157 110.315 110.473 110.631 110.789 110.947 111.105
111.087 109.683 109.841 109.999 110.157 110.315 110.473 110.631 110.789 110.947 111.105
111.087 109.683 109.841 109.999 110.157 110.315 110.473 110.631 110.789 110.947 111.105
111.087 109.683 109.841 109.999 110.157 110.315 110.473 110.631 110.789 110.947 111.105
111.087 109.683 109.841 109.999 110.157 110.315 110.473 110.631 110.789 110.947 111.105
111.087 109.683 109.841 109.999 110.157 110.315 110.473 110.631 110.789 110.947 111.105
111.087 109.683 109.841 109.999 110.157 110.315 110.473 110.631 110.789 110.947 111.105
111.087 109.683 109.841 109.999 110.157 110.315 110.473 110.631 110.789 110.947 111.105
