0 53
1 53
2 53
3 53
4 53
5 53
6 53
7 53
8 53
9 53
10 53
11 52
12 53
13 53
14 53
15 53
16 53
17 53
18 53
19 53
20 53
21 53
22 53
23 53
24 53
25 53
26 52
27 53
28 53
29 53
30 53
31 53
32 53
33 52
34 52
35 52
36 53
37 53
38 52
39 52
40 52
41 52
42 52
43 52
44 52
45 52
46 52
47 53
48 53
49 52
50 52
51 52
52 52
53 52
54 53
55 53
56 53
57 53
58 53
59 53
60 52
61 53
62 53
63 53
64 53
65 53
66 53
67 53
68 53
69 53
70 53
71 53
72 53
73 53
74 53
75 53
76 53
77 53
78 53
79 53
80 53
81 53
82 53
83 54
84 54
85 55
86 55
87 55
88 55
89 55
90 55
91 55
92 55
93 55
94 55
95 55
96 55
97 55
98 55
99 55
100 55
101 55
102 55
103 54
104 55
105 55
106 55
107 55
108 55
109 55
110 55
111 55
112 55
113 56
114 56
115 56
116 56
117 57
118 57
119 57
120 57
121 57
122 57
123 57
124 57
125 57
126 57
127 56
128 56
129 56
130 55
131 55
132 55
133 55
134 55
135 55
136 55
137 55
138 55
139 55
140 55
141 55
142 55
143 55
144 55
145 55
146 55
147 55
148 55
149 55
150 55
151 55
152 55
153 55
154 55
155 55
156 55
157 55
158 55
159 55
160 55
161 55
162 56
163 56
164 56
165 57
166 58
167 58
168 59
169 60
170 0
171 0
172 0
173 0
174 0
175 0
176 0
177 0
178 0
179 0
180 0
181 0
182 0
183 0
184 0
185 0
186 0
187 0
188 0
189 0
190 0
191 0
192 0
193 0
194 0
195 0
196 0
197 0
198 0
199 0
200 0
201 0
202 0
203 1
204 1
205 1
206 1
207 2
208 2
209 2
210 3
211 3
212 3
213 3
214 3
215 3
216 3
217 3
218 3
219 3
220 3
221 3
222 3
223 3
224 3
225 3
226 3
227 3
228 3
229 3
230 3
231 3
232 3
233 3
234 3
235 3
236 3
237 3
238 3
239 3
240 3
241 3
242 3
243 3
244 3
245 3
246 3
247 3
248 3
249 2
250 2
251 2
252 1
253 1
254 0
255 0
256 0
257 0
258 0
259 0
260 0
261 60
262 59
263 59
264 59
265 59
266 58
267 58
268 58
269 58
270 58
271 58
272 58
273 58
274 58
275 58
276 58
277 58
278 58
279 58
280 58
281 58
282 58
283 58
284 58
285 58
286 59
287 59
288 59
289 59
290 59
291 59
292 58
293 58
294 58
295 58
296 59
297 58
298 58
299 58
300 58
301 58
302 58
303 57
304 57
305 57
306 57
307 57
308 56
309 56
310 56
311 56
312 56
313 56
314 56
315 56
316 56
317 56
318 56
319 56
320 56
321 56
322 56
323 56
324 56
325 56
326 56
327 56
328 57
329 57
330 57
331 57
332 57
333 58
334 58
335 59
336 60
337 0
338 1
339 0
340 1
341 1
342 2
343 2
344 3
345 3
346 4
347 4
348 6
349 6
350 6
351 6
352 6
353 6
354 6
355 6
356 6
357 6
358 6
359 6
360 6
361 6
362 6
363 6
364 6
365 6
366 6
367 6
368 6
369 6
370 6
371 6
372 6
373 6
374 6
375 6
376 6
377 6
378 6
379 6
380 6
381 6
382 6
383 6
384 6
385 6
386 6
387 6
388 6
389 6
390 6
391 6
392 6
393 6
394 6
395 6
396 6
397 6
398 6
399 6
400 6
401 6
402 6
403 6
404 6
405 6
406 6
407 6
408 6
409 6
410 6
411 6
412 6
413 6
414 6
415 6
416 6
417 6
418 6
419 6
420 6
421 6
422 6
423 6
424 6
425 6
426 6
427 6
428 6
429 6
430 6
431 6
432 6
433 6
434 6
435 6
436 6
437 6
438 6
439 6
440 6
441 6
442 6
443 6
444 6
445 6
446 6
447 6
448 6
449 6
450 6
451 6
452 6
453 6
454 6
455 6
456 6
457 6
458 6
459 6
460 6
461 6
462 6
463 6
464 6
465 6
466 6
467 6
468 4
469 4
470 4
471 4
472 4
473 4
474 4
475 4
476 3
477 3
478 3
479 3
480 3
481 3
482 3
483 3
484 2
485 2
486 2
487 2
488 2
489 2
490 3
491 3
492 3
493 3
494 3
495 3
496 3
497 3
498 3
499 3
500 3
501 3
502 3
503 3
504 3
505 3
506 3
507 3
508 3
509 3
510 3
511 3
512 3
513 3
514 3
515 3
516 3
517 3
518 3
519 3
520 3
521 3
522 3
523 3
524 3
525 3
526 3
527 3
528 3
529 3
530 4
531 4
532 4
533 4
534 4
535 4
536 4
537 3
538 3
539 3
540 3
541 3
542 3
543 3
544 3
545 3
546 2
547 2
548 2
549 2
550 2
551 2
552 2
553 2
554 2
555 2
556 3
557 3
558 3
559 3
560 3
561 3
562 4
563 4
564 4
565 4
566 4
567 4
568 4
569 4
570 4
571 6
572 6
573 6
574 4
575 4
576 4
577 4
578 4
579 4
580 4
581 4
582 4
583 4
584 4
585 4
586 4
587 4
588 4
589 4
590 4
591 4
592 4
593 4
594 4
595 4
596 4
597 4
598 4
599 7
600 7
601 7
602 6
603 5
604 65
605 65
606 62
607 60
