0 118
1 118
2 118
3 118
4 118
5 118
6 117
7 117
8 117
9 117
10 117
11 117
12 117
13 117
14 117
15 117
16 117
17 117
18 117
19 117
20 117
21 117
22 117
23 117
24 117
25 117
26 117
27 117
28 117
29 117
30 117
31 117
32 117
33 117
34 117
35 118
36 118
37 118
38 118
39 118
40 118
41 2
42 2
43 2
44 3
45 3
46 2
47 2
48 1
49 1
50 1
51 118
52 118
53 119
54 120
55 0
56 0
57 0
58 0
59 0
60 0
61 0
62 0
63 0
64 0
65 0
66 124
67 120
68 119
69 114
70 115
71 115
72 115
73 115
74 116
75 116
76 116
77 119
78 119
79 119
80 119
81 119
82 119
83 116
84 116
85 116
86 116
87 114
88 113
89 113
90 114
91 114
92 114
93 35
94 36
95 37
96 37
97 24
98 24
99 24
100 24
101 24
102 24
103 24
104 24
105 24
106 24
107 24
108 24
109 24
110 24
111 24
112 24
113 24
114 24
115 24
116 24
117 24
118 24
119 24
120 24
121 24
122 24
123 24
124 20
125 20
126 19
127 19
128 17
129 16
130 16
131 16
132 16
133 16
134 16
135 16
136 16
137 16
138 16
139 16
140 16
141 16
142 16
143 16
144 16
145 16
146 16
147 16
148 16
149 16
150 16
151 16
152 16
153 16
154 16
155 16
156 16
157 16
158 16
159 16
160 16
161 16
162 16
163 16
164 16
165 16
166 16
167 16
168 16
169 16
170 16
171 16
172 16
173 16
174 16
175 16
176 16
177 16
178 7
179 7
180 7
181 6
182 5
183 5
184 3
185 3
186 3
187 3
188 3
189 3
190 3
191 3
192 3
193 3
194 3
195 3
196 3
197 3
198 3
199 3
200 3
201 3
202 3
203 3
204 3
205 3
206 3
207 3
208 3
209 3
210 2
211 2
212 2
213 3
214 2
215 2
216 2
217 2
218 2
219 2
220 118
221 118
222 117
223 45
224 64
225 64
226 64
227 64
228 64
229 64
230 64
231 64
232 64
233 64
234 64
235 64
236 64
237 64
238 64
239 64
240 64
241 64
242 64
243 64
244 64
245 64
246 64
247 64
248 64
249 64
250 64
251 64
252 64
253 64
254 64
255 64
256 64
257 64
258 64
259 64
260 64
261 114
262 114
263 114
264 114
265 115
266 115
267 115
268 115
269 115
270 114
271 115
272 114
273 115
274 117
275 117
276 117
277 117
278 117
279 118
280 118
281 118
282 118
283 118
284 118
285 118
286 118
287 118
288 118
289 118
290 118
291 118
292 118
293 118
294 118
295 118
296 118
297 118
298 118
299 118
300 118
301 118
