0 288
1 288
2 288
3 288
4 288
5 288
6 602
7 601
8 603
9 603
10 604
11 604
12 604
13 603
14 603
15 603
16 603
17 602
18 602
19 602
20 601
21 602
22 603
23 604
24 604
25 288
26 603
27 602
28 602
29 602
30 602
31 602
32 604
33 605
34 288
35 288
36 283
37 117
38 116
39 116
40 116
41 116
42 116
43 116
44 116
45 116
46 116
47 116
48 116
49 116
50 116
51 116
52 116
53 116
54 116
55 116
56 116
57 118
58 283
59 284
60 288
61 288
62 288
63 288
64 288
65 288
66 288
67 288
68 283
69 118
70 283
71 288
72 284
73 288
74 288
75 288
76 288
77 288
78 288
79 288
80 288
