153.716 153.716 153.716 153.716 153.716 153.716
169.022 169.022 169.022 169.022 169.022 169.022
190.91 190.91 190.91 190.91 190.91 190.91
199.001 199.001 199.001 199.001 199.001 199.001
208.947 208.947 208.947 208.947 208.947 208.947
208.622 208.622 208.622 208.622 208.622 208.622
230.093 230.093 230.093 230.093 230.093 230.093
234.2 234.2 234.2 234.2 234.2 234.2
206.467 206.467 206.467 206.467 206.467 206.467
210.915 210.915 210.915 210.915 210.915 210.915
187.697 187.697 187.697 187.697 187.697 187.697
197.16 197.16 197.16 197.16 197.16 197.16
192.727 192.727 192.727 192.727 192.727 192.727
213.657 213.657 213.657 213.657 213.657 213.657
224.988 224.988 224.988 224.988 224.988 224.988
239.421 239.421 239.421 239.421 239.421 239.421
260.306 260.306 260.306 260.306 260.306 260.306
262.771 262.771 262.771 262.771 262.771 262.771
258.503 258.503 258.503 258.503 258.503 258.503
226.03 226.03 226.03 226.03 226.03 226.03
305.065 305.065 305.065 305.065 305.065 305.065
297.538 297.538 297.538 297.538 297.538 297.538
199.486 199.486 199.486 199.486 199.486 199.486
186.593 186.593 186.593 186.593 186.593 186.593
172.22 172.22 172.22 172.22 172.22 172.22
227.371 227.371 227.371 227.371 227.371 227.371
235.543 235.543 235.543 235.543 235.543 235.543
247.704 247.704 247.704 247.704 247.704 247.704
254.315 254.315 254.315 254.315 254.315 254.315
247.311 247.311 247.311 247.311 247.311 247.311
256.436 256.436 256.436 256.436 256.436 256.436
243.893 243.893 243.893 243.893 243.893 243.893
215.869 215.869 215.869 215.869 215.869 215.869
183.023 183.023 183.023 183.023 183.023 183.023
164.49 164.49 164.49 164.49 164.49 164.49
170.905 170.905 170.905 170.905 170.905 170.905
217.216 217.216 217.216 217.216 217.216 217.216
237.82 237.82 237.82 237.82 237.82 237.82
249.169 249.169 249.169 249.169 249.169 249.169
252.4 252.4 252.4 252.4 252.4 252.4
245.121 245.121 245.121 245.121 245.121 245.121
248.589 248.589 248.589 248.589 248.589 248.589
251.605 251.605 251.605 251.605 251.605 251.605
245.826 245.826 245.826 245.826 245.826 245.826
248.7 248.7 248.7 248.7 248.7 248.7
247.457 247.457 247.457 247.457 247.457 247.457
242.139 242.139 242.139 242.139 242.139 242.139
238.101 238.101 238.101 238.101 238.101 238.101
233.759 233.759 233.759 233.759 233.759 233.759
225.168 225.168 225.168 225.168 225.168 225.168
214.589 214.589 214.589 214.589 214.589 214.589
222.567 222.567 222.567 222.567 222.567 222.567
221.411 221.411 221.411 221.411 221.411 221.411
209.224 209.224 209.224 209.224 209.224 209.224
196.89 196.89 196.89 196.89 196.89 196.89
185.963 185.963 185.963 185.963 185.963 185.963
168.781 168.781 168.781 168.781 168.781 168.781
149.139 149.139 149.139 149.139 149.139 149.139
136.102 136.102 136.102 136.102 136.102 136.102
116.457 116.457 116.457 116.457 116.457 116.457
101.389 101.389 101.389 101.389 101.389 101.389
101.698 101.698 101.698 101.698 101.698 101.698
101.625 101.625 101.625 101.625 101.625 101.625
119.298 119.298 119.298 119.298 119.298 119.298
137.303 137.303 137.303 137.303 137.303 137.303
156.547 156.547 156.547 156.547 156.547 156.547
165.243 165.243 165.243 165.243 165.243 165.243
157.548 157.548 157.548 157.548 157.548 157.548
180.928 180.928 180.928 180.928 180.928 180.928
194.463 194.463 194.463 194.463 194.463 194.463
182.23 182.23 182.23 182.23 182.23 182.23
161.575 161.575 161.575 161.575 161.575 161.575
179.721 179.721 179.721 179.721 179.721 179.721
175.73 175.73 175.73 175.73 175.73 175.73
171.739 171.739 171.739 171.739 171.739 171.739
167.748 167.748 167.748 167.748 167.748 167.748
163.758 163.758 163.758 163.758 163.758 163.758
159.767 159.767 159.767 159.767 159.767 159.767
157.186 157.186 157.186 157.186 157.186 157.186
159.462 159.462 159.462 159.462 159.462 159.462
161.738 161.738 161.738 161.738 161.738 161.738
