59.4454 59.4454 59.4454 59.4454 59.4454 59.4454 59.4454 59.4454 59.4454 59.4454 59.4454 59.4454 59.4454 59.4454 59.4454 59.4454 59.4454 59.4454 59.4454 59.4454 59.4454 59.4454 59.4454 59.4454
58.1452 58.1452 58.1452 58.1452 58.1452 58.1452 58.1452 58.1452 58.1452 58.1452 58.1452 58.1452 58.1452 58.1452 58.1452 58.1452 58.1452 58.1452 58.1452 58.1452 58.1452 58.1452 58.1452 58.1452
55.6368 55.6368 55.6368 55.6368 55.6368 55.6368 55.6368 55.6368 55.6368 55.6368 55.6368 55.6368 55.6368 55.6368 55.6368 55.6368 55.6368 55.6368 55.6368 55.6368 55.6368 55.6368 55.6368 55.6368
52.6988 52.6988 52.6988 52.6988 52.6988 52.6988 52.6988 52.6988 52.6988 52.6988 52.6988 52.6988 52.6988 52.6988 52.6988 52.6988 52.6988 52.6988 52.6988 52.6988 52.6988 52.6988 52.6988 52.6988
51.0186 51.0186 51.0186 51.0186 51.0186 51.0186 51.0186 51.0186 51.0186 51.0186 51.0186 51.0186 51.0186 51.0186 51.0186 51.0186 51.0186 51.0186 51.0186 51.0186 51.0186 51.0186 51.0186 51.0186
48.0779 48.0779 48.0779 48.0779 48.0779 48.0779 48.0779 48.0779 48.0779 48.0779 48.0779 48.0779 48.0779 48.0779 48.0779 48.0779 48.0779 48.0779 48.0779 48.0779 48.0779 48.0779 48.0779 48.0779
50.2787 50.2787 50.2787 50.2787 50.2787 50.2787 50.2787 50.2787 50.2787 50.2787 50.2787 50.2787 50.2787 50.2787 50.2787 50.2787 50.2787 50.2787 50.2787 50.2787 50.2787 50.2787 50.2787 50.2787
53.7223 53.7223 53.7223 53.7223 53.7223 53.7223 53.7223 53.7223 53.7223 53.7223 53.7223 53.7223 53.7223 53.7223 53.7223 53.7223 53.7223 53.7223 53.7223 53.7223 53.7223 53.7223 53.7223 53.7223
56.6894 56.6894 56.6894 56.6894 56.6894 56.6894 56.6894 56.6894 56.6894 56.6894 56.6894 56.6894 56.6894 56.6894 56.6894 56.6894 56.6894 56.6894 56.6894 56.6894 56.6894 56.6894 56.6894 56.6894
59.1649 59.1649 59.1649 59.1649 59.1649 59.1649 59.1649 59.1649 59.1649 59.1649 59.1649 59.1649 59.1649 59.1649 59.1649 59.1649 59.1649 59.1649 59.1649 59.1649 59.1649 59.1649 59.1649 59.1649
62.3852 62.3852 62.3852 62.3852 62.3852 62.3852 62.3852 62.3852 62.3852 62.3852 62.3852 62.3852 62.3852 62.3852 62.3852 62.3852 62.3852 62.3852 62.3852 62.3852 62.3852 62.3852 62.3852 62.3852
60.6372 60.6372 60.6372 60.6372 60.6372 60.6372 60.6372 60.6372 60.6372 60.6372 60.6372 60.6372 60.6372 60.6372 60.6372 60.6372 60.6372 60.6372 60.6372 60.6372 60.6372 60.6372 60.6372 60.6372
55.5938 55.5938 55.5938 55.5938 55.5938 55.5938 55.5938 55.5938 55.5938 55.5938 55.5938 55.5938 55.5938 55.5938 55.5938 55.5938 55.5938 55.5938 55.5938 55.5938 55.5938 55.5938 55.5938 55.5938
53.0254 53.0254 53.0254 53.0254 53.0254 53.0254 53.0254 53.0254 53.0254 53.0254 53.0254 53.0254 53.0254 53.0254 53.0254 53.0254 53.0254 53.0254 53.0254 53.0254 53.0254 53.0254 53.0254 53.0254
54.0494 54.0494 54.0494 54.0494 54.0494 54.0494 54.0494 54.0494 54.0494 54.0494 54.0494 54.0494 54.0494 54.0494 54.0494 54.0494 54.0494 54.0494 54.0494 54.0494 54.0494 54.0494 54.0494 54.0494
56.2292 56.2292 56.2292 56.2292 56.2292 56.2292 56.2292 56.2292 56.2292 56.2292 56.2292 56.2292 56.2292 56.2292 56.2292 56.2292 56.2292 56.2292 56.2292 56.2292 56.2292 56.2292 56.2292 56.2292
57.8081 57.8081 57.8081 57.8081 57.8081 57.8081 57.8081 57.8081 57.8081 57.8081 57.8081 57.8081 57.8081 57.8081 57.8081 57.8081 57.8081 57.8081 57.8081 57.8081 57.8081 57.8081 57.8081 57.8081
58.4897 58.4897 58.4897 58.4897 58.4897 58.4897 58.4897 58.4897 58.4897 58.4897 58.4897 58.4897 58.4897 58.4897 58.4897 58.4897 58.4897 58.4897 58.4897 58.4897 58.4897 58.4897 58.4897 58.4897
59.4066 59.4066 59.4066 59.4066 59.4066 59.4066 59.4066 59.4066 59.4066 59.4066 59.4066 59.4066 59.4066 59.4066 59.4066 59.4066 59.4066 59.4066 59.4066 59.4066 59.4066 59.4066 59.4066 59.4066
61.2396 61.2396 61.2396 61.2396 61.2396 61.2396 61.2396 61.2396 61.2396 61.2396 61.2396 61.2396 61.2396 61.2396 61.2396 61.2396 61.2396 61.2396 61.2396 61.2396 61.2396 61.2396 61.2396 61.2396
61.9872 61.9872 61.9872 61.9872 61.9872 61.9872 61.9872 61.9872 61.9872 61.9872 61.9872 61.9872 61.9872 61.9872 61.9872 61.9872 61.9872 61.9872 61.9872 61.9872 61.9872 61.9872 61.9872 61.9872
59.7035 59.7035 59.7035 59.7035 59.7035 59.7035 59.7035 59.7035 59.7035 59.7035 59.7035 59.7035 59.7035 59.7035 59.7035 59.7035 59.7035 59.7035 59.7035 59.7035 59.7035 59.7035 59.7035 59.7035
57.9638 57.9638 57.9638 57.9638 57.9638 57.9638 57.9638 57.9638 57.9638 57.9638 57.9638 57.9638 57.9638 57.9638 57.9638 57.9638 57.9638 57.9638 57.9638 57.9638 57.9638 57.9638 57.9638 57.9638
61.1273 61.1273 61.1273 61.1273 61.1273 61.1273 61.1273 61.1273 61.1273 61.1273 61.1273 61.1273 61.1273 61.1273 61.1273 61.1273 61.1273 61.1273 61.1273 61.1273 61.1273 61.1273 61.1273 61.1273
60.1578 60.1578 60.1578 60.1578 60.1578 60.1578 60.1578 60.1578 60.1578 60.1578 60.1578 60.1578 60.1578 60.1578 60.1578 60.1578 60.1578 60.1578 60.1578 60.1578 60.1578 60.1578 60.1578 60.1578
60.9223 60.9223 60.9223 60.9223 60.9223 60.9223 60.9223 60.9223 60.9223 60.9223 60.9223 60.9223 60.9223 60.9223 60.9223 60.9223 60.9223 60.9223 60.9223 60.9223 60.9223 60.9223 60.9223 60.9223
60.8151 60.8151 60.8151 60.8151 60.8151 60.8151 60.8151 60.8151 60.8151 60.8151 60.8151 60.8151 60.8151 60.8151 60.8151 60.8151 60.8151 60.8151 60.8151 60.8151 60.8151 60.8151 60.8151 60.8151
60.7042 60.7042 60.7042 60.7042 60.7042 60.7042 60.7042 60.7042 60.7042 60.7042 60.7042 60.7042 60.7042 60.7042 60.7042 60.7042 60.7042 60.7042 60.7042 60.7042 60.7042 60.7042 60.7042 60.7042
60.2003 60.2003 60.2003 60.2003 60.2003 60.2003 60.2003 60.2003 60.2003 60.2003 60.2003 60.2003 60.2003 60.2003 60.2003 60.2003 60.2003 60.2003 60.2003 60.2003 60.2003 60.2003 60.2003 60.2003
61.5702 61.5702 61.5702 61.5702 61.5702 61.5702 61.5702 61.5702 61.5702 61.5702 61.5702 61.5702 61.5702 61.5702 61.5702 61.5702 61.5702 61.5702 61.5702 61.5702 61.5702 61.5702 61.5702 61.5702
62.9868 62.9868 62.9868 62.9868 62.9868 62.9868 62.9868 62.9868 62.9868 62.9868 62.9868 62.9868 62.9868 62.9868 62.9868 62.9868 62.9868 62.9868 62.9868 62.9868 62.9868 62.9868 62.9868 62.9868
63.4897 63.4897 63.4897 63.4897 63.4897 63.4897 63.4897 63.4897 63.4897 63.4897 63.4897 63.4897 63.4897 63.4897 63.4897 63.4897 63.4897 63.4897 63.4897 63.4897 63.4897 63.4897 63.4897 63.4897
64.5336 64.5336 64.5336 64.5336 64.5336 64.5336 64.5336 64.5336 64.5336 64.5336 64.5336 64.5336 64.5336 64.5336 64.5336 64.5336 64.5336 64.5336 64.5336 64.5336 64.5336 64.5336 64.5336 64.5336
65.1325 65.1325 65.1325 65.1325 65.1325 65.1325 65.1325 65.1325 65.1325 65.1325 65.1325 65.1325 65.1325 65.1325 65.1325 65.1325 65.1325 65.1325 65.1325 65.1325 65.1325 65.1325 65.1325 65.1325
62.9388 62.9388 62.9388 62.9388 62.9388 62.9388 62.9388 62.9388 62.9388 62.9388 62.9388 62.9388 62.9388 62.9388 62.9388 62.9388 62.9388 62.9388 62.9388 62.9388 62.9388 62.9388 62.9388 62.9388
62.1933 62.1933 62.1933 62.1933 62.1933 62.1933 62.1933 62.1933 62.1933 62.1933 62.1933 62.1933 62.1933 62.1933 62.1933 62.1933 62.1933 62.1933 62.1933 62.1933 62.1933 62.1933 62.1933 62.1933
70.0188 70.0188 70.0188 70.0188 70.0188 70.0188 70.0188 70.0188 70.0188 70.0188 70.0188 70.0188 70.0188 70.0188 70.0188 70.0188 70.0188 70.0188 70.0188 70.0188 70.0188 70.0188 70.0188 70.0188
78.1104 78.1104 78.1104 78.1104 78.1104 78.1104 78.1104 78.1104 78.1104 78.1104 78.1104 78.1104 78.1104 78.1104 78.1104 78.1104 78.1104 78.1104 78.1104 78.1104 78.1104 78.1104 78.1104 78.1104
81.1252 81.1252 81.1252 81.1252 81.1252 81.1252 81.1252 81.1252 81.1252 81.1252 81.1252 81.1252 81.1252 81.1252 81.1252 81.1252 81.1252 81.1252 81.1252 81.1252 81.1252 81.1252 81.1252 81.1252
77.977 77.977 77.977 77.977 77.977 77.977 77.977 77.977 77.977 77.977 77.977 77.977 77.977 77.977 77.977 77.977 77.977 77.977 77.977 77.977 77.977 77.977 77.977 77.977
76.2764 76.2764 76.2764 76.2764 76.2764 76.2764 76.2764 76.2764 76.2764 76.2764 76.2764 76.2764 76.2764 76.2764 76.2764 76.2764 76.2764 76.2764 76.2764 76.2764 76.2764 76.2764 76.2764 76.2764
71.5962 71.5962 71.5962 71.5962 71.5962 71.5962 71.5962 71.5962 71.5962 71.5962 71.5962 71.5962 71.5962 71.5962 71.5962 71.5962 71.5962 71.5962 71.5962 71.5962 71.5962 71.5962 71.5962 71.5962
70.6068 70.6068 70.6068 70.6068 70.6068 70.6068 70.6068 70.6068 70.6068 70.6068 70.6068 70.6068 70.6068 70.6068 70.6068 70.6068 70.6068 70.6068 70.6068 70.6068 70.6068 70.6068 70.6068 70.6068
68.7081 68.7081 68.7081 68.7081 68.7081 68.7081 68.7081 68.7081 68.7081 68.7081 68.7081 68.7081 68.7081 68.7081 68.7081 68.7081 68.7081 68.7081 68.7081 68.7081 68.7081 68.7081 68.7081 68.7081
65.4377 65.4377 65.4377 65.4377 65.4377 65.4377 65.4377 65.4377 65.4377 65.4377 65.4377 65.4377 65.4377 65.4377 65.4377 65.4377 65.4377 65.4377 65.4377 65.4377 65.4377 65.4377 65.4377 65.4377
67.4788 67.4788 67.4788 67.4788 67.4788 67.4788 67.4788 67.4788 67.4788 67.4788 67.4788 67.4788 67.4788 67.4788 67.4788 67.4788 67.4788 67.4788 67.4788 67.4788 67.4788 67.4788 67.4788 67.4788
78.6009 78.6009 78.6009 78.6009 78.6009 78.6009 78.6009 78.6009 78.6009 78.6009 78.6009 78.6009 78.6009 78.6009 78.6009 78.6009 78.6009 78.6009 78.6009 78.6009 78.6009 78.6009 78.6009 78.6009
87.5503 87.5503 87.5503 87.5503 87.5503 87.5503 87.5503 87.5503 87.5503 87.5503 87.5503 87.5503 87.5503 87.5503 87.5503 87.5503 87.5503 87.5503 87.5503 87.5503 87.5503 87.5503 87.5503 87.5503
90.9433 90.9433 90.9433 90.9433 90.9433 90.9433 90.9433 90.9433 90.9433 90.9433 90.9433 90.9433 90.9433 90.9433 90.9433 90.9433 90.9433 90.9433 90.9433 90.9433 90.9433 90.9433 90.9433 90.9433
95.0634 95.0634 95.0634 95.0634 95.0634 95.0634 95.0634 95.0634 95.0634 95.0634 95.0634 95.0634 95.0634 95.0634 95.0634 95.0634 95.0634 95.0634 95.0634 95.0634 95.0634 95.0634 95.0634 95.0634
95.0527 95.0527 95.0527 95.0527 95.0527 95.0527 95.0527 95.0527 95.0527 95.0527 95.0527 95.0527 95.0527 95.0527 95.0527 95.0527 95.0527 95.0527 95.0527 95.0527 95.0527 95.0527 95.0527 95.0527
103.712 103.712 103.712 103.712 103.712 103.712 103.712 103.712 103.712 103.712 103.712 103.712 103.712 103.712 103.712 103.712 103.712 103.712 103.712 103.712 103.712 103.712 103.712 103.712
105.245 105.245 105.245 105.245 105.245 105.245 105.245 105.245 105.245 105.245 105.245 105.245 105.245 105.245 105.245 105.245 105.245 105.245 105.245 105.245 105.245 105.245 105.245 105.245
93.6644 93.6644 93.6644 93.6644 93.6644 93.6644 93.6644 93.6644 93.6644 93.6644 93.6644 93.6644 93.6644 93.6644 93.6644 93.6644 93.6644 93.6644 93.6644 93.6644 93.6644 93.6644 93.6644 93.6644
94.8341 94.8341 94.8341 94.8341 94.8341 94.8341 94.8341 94.8341 94.8341 94.8341 94.8341 94.8341 94.8341 94.8341 94.8341 94.8341 94.8341 94.8341 94.8341 94.8341 94.8341 94.8341 94.8341 94.8341
84.8617 84.8617 84.8617 84.8617 84.8617 84.8617 84.8617 84.8617 84.8617 84.8617 84.8617 84.8617 84.8617 84.8617 84.8617 84.8617 84.8617 84.8617 84.8617 84.8617 84.8617 84.8617 84.8617 84.8617
88.1157 88.1157 88.1157 88.1157 88.1157 88.1157 88.1157 88.1157 88.1157 88.1157 88.1157 88.1157 88.1157 88.1157 88.1157 88.1157 88.1157 88.1157 88.1157 88.1157 88.1157 88.1157 88.1157 88.1157
86.0353 86.0353 86.0353 86.0353 86.0353 86.0353 86.0353 86.0353 86.0353 86.0353 86.0353 86.0353 86.0353 86.0353 86.0353 86.0353 86.0353 86.0353 86.0353 86.0353 86.0353 86.0353 86.0353 86.0353
94.1919 94.1919 94.1919 94.1919 94.1919 94.1919 94.1919 94.1919 94.1919 94.1919 94.1919 94.1919 94.1919 94.1919 94.1919 94.1919 94.1919 94.1919 94.1919 94.1919 94.1919 94.1919 94.1919 94.1919
98.5008 98.5008 98.5008 98.5008 98.5008 98.5008 98.5008 98.5008 98.5008 98.5008 98.5008 98.5008 98.5008 98.5008 98.5008 98.5008 98.5008 98.5008 98.5008 98.5008 98.5008 98.5008 98.5008 98.5008
104.212 104.212 104.212 104.212 104.212 104.212 104.212 104.212 104.212 104.212 104.212 104.212 104.212 104.212 104.212 104.212 104.212 104.212 104.212 104.212 104.212 104.212 104.212 104.212
112.659 112.659 112.659 112.659 112.659 112.659 112.659 112.659 112.659 112.659 112.659 112.659 112.659 112.659 112.659 112.659 112.659 112.659 112.659 112.659 112.659 112.659 112.659 112.659
113.709 113.709 113.709 113.709 113.709 113.709 113.709 113.709 113.709 113.709 113.709 113.709 113.709 113.709 113.709 113.709 113.709 113.709 113.709 113.709 113.709 113.709 113.709 113.709
111.942 111.942 111.942 111.942 111.942 111.942 111.942 111.942 111.942 111.942 111.942 111.942 111.942 111.942 111.942 111.942 111.942 111.942 111.942 111.942 111.942 111.942 111.942 111.942
98.6335 98.6335 98.6335 98.6335 98.6335 98.6335 98.6335 98.6335 98.6335 98.6335 98.6335 98.6335 98.6335 98.6335 98.6335 98.6335 98.6335 98.6335 98.6335 98.6335 98.6335 98.6335 98.6335 98.6335
129.647 129.647 129.647 129.647 129.647 129.647 129.647 129.647 129.647 129.647 129.647 129.647 129.647 129.647 129.647 129.647 129.647 129.647 129.647 129.647 129.647 129.647 129.647 129.647
125.782 125.782 125.782 125.782 125.782 125.782 125.782 125.782 125.782 125.782 125.782 125.782 125.782 125.782 125.782 125.782 125.782 125.782 125.782 125.782 125.782 125.782 125.782 125.782
87.5484 87.5484 87.5484 87.5484 87.5484 87.5484 87.5484 87.5484 87.5484 87.5484 87.5484 87.5484 87.5484 87.5484 87.5484 87.5484 87.5484 87.5484 87.5484 87.5484 87.5484 87.5484 87.5484 87.5484
81.0392 81.0392 81.0392 81.0392 81.0392 81.0392 81.0392 81.0392 81.0392 81.0392 81.0392 81.0392 81.0392 81.0392 81.0392 81.0392 81.0392 81.0392 81.0392 81.0392 81.0392 81.0392 81.0392 81.0392
74.3801 74.3801 74.3801 74.3801 74.3801 74.3801 74.3801 74.3801 74.3801 74.3801 74.3801 74.3801 74.3801 74.3801 74.3801 74.3801 74.3801 74.3801 74.3801 74.3801 74.3801 74.3801 74.3801 74.3801
95.6115 95.6115 95.6115 95.6115 95.6115 95.6115 95.6115 95.6115 95.6115 95.6115 95.6115 95.6115 95.6115 95.6115 95.6115 95.6115 95.6115 95.6115 95.6115 95.6115 95.6115 95.6115 95.6115 95.6115
97.9662 97.9662 97.9662 97.9662 97.9662 97.9662 97.9662 97.9662 97.9662 97.9662 97.9662 97.9662 97.9662 97.9662 97.9662 97.9662 97.9662 97.9662 97.9662 97.9662 97.9662 97.9662 97.9662 97.9662
102.469 102.469 102.469 102.469 102.469 102.469 102.469 102.469 102.469 102.469 102.469 102.469 102.469 102.469 102.469 102.469 102.469 102.469 102.469 102.469 102.469 102.469 102.469 102.469
104.68 104.68 104.68 104.68 104.68 104.68 104.68 104.68 104.68 104.68 104.68 104.68 104.68 104.68 104.68 104.68 104.68 104.68 104.68 104.68 104.68 104.68 104.68 104.68
102.404 102.404 102.404 102.404 102.404 102.404 102.404 102.404 102.404 102.404 102.404 102.404 102.404 102.404 102.404 102.404 102.404 102.404 102.404 102.404 102.404 102.404 102.404 102.404
106.345 106.345 106.345 106.345 106.345 106.345 106.345 106.345 106.345 106.345 106.345 106.345 106.345 106.345 106.345 106.345 106.345 106.345 106.345 106.345 106.345 106.345 106.345 106.345
101.687 101.687 101.687 101.687 101.687 101.687 101.687 101.687 101.687 101.687 101.687 101.687 101.687 101.687 101.687 101.687 101.687 101.687 101.687 101.687 101.687 101.687 101.687 101.687
91.2117 91.2117 91.2117 91.2117 91.2117 91.2117 91.2117 91.2117 91.2117 91.2117 91.2117 91.2117 91.2117 91.2117 91.2117 91.2117 91.2117 91.2117 91.2117 91.2117 91.2117 91.2117 91.2117 91.2117
78.5587 78.5587 78.5587 78.5587 78.5587 78.5587 78.5587 78.5587 78.5587 78.5587 78.5587 78.5587 78.5587 78.5587 78.5587 78.5587 78.5587 78.5587 78.5587 78.5587 78.5587 78.5587 78.5587 78.5587
71.655 71.655 71.655 71.655 71.655 71.655 71.655 71.655 71.655 71.655 71.655 71.655 71.655 71.655 71.655 71.655 71.655 71.655 71.655 71.655 71.655 71.655 71.655 71.655
73.5166 73.5166 73.5166 73.5166 73.5166 73.5166 73.5166 73.5166 73.5166 73.5166 73.5166 73.5166 73.5166 73.5166 73.5166 73.5166 73.5166 73.5166 73.5166 73.5166 73.5166 73.5166 73.5166 73.5166
93.291 93.291 93.291 93.291 93.291 93.291 93.291 93.291 93.291 93.291 93.291 93.291 93.291 93.291 93.291 93.291 93.291 93.291 93.291 93.291 93.291 93.291 93.291 93.291
102.586 102.586 102.586 102.586 102.586 102.586 102.586 102.586 102.586 102.586 102.586 102.586 102.586 102.586 102.586 102.586 102.586 102.586 102.586 102.586 102.586 102.586 102.586 102.586
108.023 108.023 108.023 108.023 108.023 108.023 108.023 108.023 108.023 108.023 108.023 108.023 108.023 108.023 108.023 108.023 108.023 108.023 108.023 108.023 108.023 108.023 108.023 108.023
110.049 110.049 110.049 110.049 110.049 110.049 110.049 110.049 110.049 110.049 110.049 110.049 110.049 110.049 110.049 110.049 110.049 110.049 110.049 110.049 110.049 110.049 110.049 110.049
107.71 107.71 107.71 107.71 107.71 107.71 107.71 107.71 107.71 107.71 107.71 107.71 107.71 107.71 107.71 107.71 107.71 107.71 107.71 107.71 107.71 107.71 107.71 107.71
109.764 109.764 109.764 109.764 109.764 109.764 109.764 109.764 109.764 109.764 109.764 109.764 109.764 109.764 109.764 109.764 109.764 109.764 109.764 109.764 109.764 109.764 109.764 109.764
111.513 111.513 111.513 111.513 111.513 111.513 111.513 111.513 111.513 111.513 111.513 111.513 111.513 111.513 111.513 111.513 111.513 111.513 111.513 111.513 111.513 111.513 111.513 111.513
109.764 109.764 109.764 109.764 109.764 109.764 109.764 109.764 109.764 109.764 109.764 109.764 109.764 109.764 109.764 109.764 109.764 109.764 109.764 109.764 109.764 109.764 109.764 109.764
111.431 111.431 111.431 111.431 111.431 111.431 111.431 111.431 111.431 111.431 111.431 111.431 111.431 111.431 111.431 111.431 111.431 111.431 111.431 111.431 111.431 111.431 111.431 111.431
111.332 111.332 111.332 111.332 111.332 111.332 111.332 111.332 111.332 111.332 111.332 111.332 111.332 111.332 111.332 111.332 111.332 111.332 111.332 111.332 111.332 111.332 111.332 111.332
109.465 109.465 109.465 109.465 109.465 109.465 109.465 109.465 109.465 109.465 109.465 109.465 109.465 109.465 109.465 109.465 109.465 109.465 109.465 109.465 109.465 109.465 109.465 109.465
108.086 108.086 108.086 108.086 108.086 108.086 108.086 108.086 108.086 108.086 108.086 108.086 108.086 108.086 108.086 108.086 108.086 108.086 108.086 108.086 108.086 108.086 108.086 108.086
106.544 106.544 106.544 106.544 106.544 106.544 106.544 106.544 106.544 106.544 106.544 106.544 106.544 106.544 106.544 106.544 106.544 106.544 106.544 106.544 106.544 106.544 106.544 106.544
103.206 103.206 103.206 103.206 103.206 103.206 103.206 103.206 103.206 103.206 103.206 103.206 103.206 103.206 103.206 103.206 103.206 103.206 103.206 103.206 103.206 103.206 103.206 103.206
99.0439 99.0439 99.0439 99.0439 99.0439 99.0439 99.0439 99.0439 99.0439 99.0439 99.0439 99.0439 99.0439 99.0439 99.0439 99.0439 99.0439 99.0439 99.0439 99.0439 99.0439 99.0439 99.0439 99.0439
102.182 102.182 102.182 102.182 102.182 102.182 102.182 102.182 102.182 102.182 102.182 102.182 102.182 102.182 102.182 102.182 102.182 102.182 102.182 102.182 102.182 102.182 102.182 102.182
101.478 101.478 101.478 101.478 101.478 101.478 101.478 101.478 101.478 101.478 101.478 101.478 101.478 101.478 101.478 101.478 101.478 101.478 101.478 101.478 101.478 101.478 101.478 101.478
96.2284 96.2284 96.2284 96.2284 96.2284 96.2284 96.2284 96.2284 96.2284 96.2284 96.2284 96.2284 96.2284 96.2284 96.2284 96.2284 96.2284 96.2284 96.2284 96.2284 96.2284 96.2284 96.2284 96.2284
91.0106 91.0106 91.0106 91.0106 91.0106 91.0106 91.0106 91.0106 91.0106 91.0106 91.0106 91.0106 91.0106 91.0106 91.0106 91.0106 91.0106 91.0106 91.0106 91.0106 91.0106 91.0106 91.0106 91.0106
86.6504 86.6504 86.6504 86.6504 86.6504 86.6504 86.6504 86.6504 86.6504 86.6504 86.6504 86.6504 86.6504 86.6504 86.6504 86.6504 86.6504 86.6504 86.6504 86.6504 86.6504 86.6504 86.6504 86.6504
79.539 79.539 79.539 79.539 79.539 79.539 79.539 79.539 79.539 79.539 79.539 79.539 79.539 79.539 79.539 79.539 79.539 79.539 79.539 79.539 79.539 79.539 79.539 79.539
70.7476 70.7476 70.7476 70.7476 70.7476 70.7476 70.7476 70.7476 70.7476 70.7476 70.7476 70.7476 70.7476 70.7476 70.7476 70.7476 70.7476 70.7476 70.7476 70.7476 70.7476 70.7476 70.7476 70.7476
65.4459 65.4459 65.4459 65.4459 65.4459 65.4459 65.4459 65.4459 65.4459 65.4459 65.4459 65.4459 65.4459 65.4459 65.4459 65.4459 65.4459 65.4459 65.4459 65.4459 65.4459 65.4459 65.4459 65.4459
57.1077 57.1077 57.1077 57.1077 57.1077 57.1077 57.1077 57.1077 57.1077 57.1077 57.1077 57.1077 57.1077 57.1077 57.1077 57.1077 57.1077 57.1077 57.1077 57.1077 57.1077 57.1077 57.1077 57.1077
51.0455 51.0455 51.0455 51.0455 51.0455 51.0455 51.0455 51.0455 51.0455 51.0455 51.0455 51.0455 51.0455 51.0455 51.0455 51.0455 51.0455 51.0455 51.0455 51.0455 51.0455 51.0455 51.0455 51.0455
50.7314 50.7314 50.7314 50.7314 50.7314 50.7314 50.7314 50.7314 50.7314 50.7314 50.7314 50.7314 50.7314 50.7314 50.7314 50.7314 50.7314 50.7314 50.7314 50.7314 50.7314 50.7314 50.7314 50.7314
49.0177 49.0177 49.0177 49.0177 49.0177 49.0177 49.0177 49.0177 49.0177 49.0177 49.0177 49.0177 49.0177 49.0177 49.0177 49.0177 49.0177 49.0177 49.0177 49.0177 49.0177 49.0177 49.0177 49.0177
58.7867 58.7867 58.7867 58.7867 58.7867 58.7867 58.7867 58.7867 58.7867 58.7867 58.7867 58.7867 58.7867 58.7867 58.7867 58.7867 58.7867 58.7867 58.7867 58.7867 58.7867 58.7867 58.7867 58.7867
52.2916 52.2916 52.2916 52.2916 52.2916 52.2916 52.2916 52.2916 52.2916 52.2916 52.2916 52.2916 52.2916 52.2916 52.2916 52.2916 52.2916 52.2916 52.2916 52.2916 52.2916 52.2916 52.2916 52.2916
53.007 53.007 53.007 53.007 53.007 53.007 53.007 53.007 53.007 53.007 53.007 53.007 53.007 53.007 53.007 53.007 53.007 53.007 53.007 53.007 53.007 53.007 53.007 53.007
53.7224 53.7224 53.7224 53.7224 53.7224 53.7224 53.7224 53.7224 53.7224 53.7224 53.7224 53.7224 53.7224 53.7224 53.7224 53.7224 53.7224 53.7224 53.7224 53.7224 53.7224 53.7224 53.7224 53.7224
54.4378 54.4378 54.4378 54.4378 54.4378 54.4378 54.4378 54.4378 54.4378 54.4378 54.4378 54.4378 54.4378 54.4378 54.4378 54.4378 54.4378 54.4378 54.4378 54.4378 54.4378 54.4378 54.4378 54.4378
55.1531 55.1531 55.1531 55.1531 55.1531 55.1531 55.1531 55.1531 55.1531 55.1531 55.1531 55.1531 55.1531 55.1531 55.1531 55.1531 55.1531 55.1531 55.1531 55.1531 55.1531 55.1531 55.1531 55.1531
55.8685 55.8685 55.8685 55.8685 55.8685 55.8685 55.8685 55.8685 55.8685 55.8685 55.8685 55.8685 55.8685 55.8685 55.8685 55.8685 55.8685 55.8685 55.8685 55.8685 55.8685 55.8685 55.8685 55.8685
56.5839 56.5839 56.5839 56.5839 56.5839 56.5839 56.5839 56.5839 56.5839 56.5839 56.5839 56.5839 56.5839 56.5839 56.5839 56.5839 56.5839 56.5839 56.5839 56.5839 56.5839 56.5839 56.5839 56.5839
57.2993 57.2993 57.2993 57.2993 57.2993 57.2993 57.2993 57.2993 57.2993 57.2993 57.2993 57.2993 57.2993 57.2993 57.2993 57.2993 57.2993 57.2993 57.2993 57.2993 57.2993 57.2993 57.2993 57.2993
58.0146 58.0146 58.0146 58.0146 58.0146 58.0146 58.0146 58.0146 58.0146 58.0146 58.0146 58.0146 58.0146 58.0146 58.0146 58.0146 58.0146 58.0146 58.0146 58.0146 58.0146 58.0146 58.0146 58.0146
58.73 58.73 58.73 58.73 58.73 58.73 58.73 58.73 58.73 58.73 58.73 58.73 58.73 58.73 58.73 58.73 58.73 58.73 58.73 58.73 58.73 58.73 58.73 58.73
