0 166
1 157
2 158
3 95
4 95
5 96
6 97
7 97
8 96
9 96
10 157
11 157
12 157
13 157
14 96
15 96
16 96
17 97
18 97
19 96
20 97
21 97
22 157
23 157
24 157
25 96
26 96
27 97
28 97
29 97
30 97
31 97
32 157
33 157
34 157
35 157
36 168
37 169
38 170
39 170
40 170
41 170
42 170
43 170
44 170
45 170
46 170
47 170
48 170
49 170
50 171
51 171
52 171
53 173
54 173
55 172
56 174
57 175
58 177
59 166
60 166
61 166
62 164
63 157
64 157
65 157
66 157
67 157
68 177
69 168
70 177
71 157
72 157
73 157
74 157
75 157
76 157
77 157
78 157
79 157
80 157
