0 111
1 109
2 109
3 110
4 110
5 111
6 111
7 111
8 111
9 111
10 111
11 111
12 112
13 112
14 112
15 112
16 112
17 112
18 112
19 112
20 111
21 111
22 111
23 111
24 112
25 112
26 113
27 113
28 114
29 114
30 276
31 275
32 111
33 110
34 110
35 110
36 110
37 110
38 110
39 110
40 110
41 110
42 110
43 110
44 110
45 110
46 110
47 110
48 110
49 110
50 110
51 110
52 110
53 110
54 110
55 110
56 110
57 110
58 110
59 110
60 110
61 110
62 110
63 110
64 110
65 110
66 110
67 110
68 110
69 110
70 111
71 111
72 111
73 111
74 111
75 111
76 111
77 111
78 111
79 111
80 111
81 111
82 111
83 111
84 111
85 111
86 111
87 111
88 111
89 111
90 111
91 111
92 111
93 111
94 111
95 111
96 111
97 111
98 111
99 111
100 111
101 111
102 111
103 111
104 111
105 111
106 111
107 111
108 111
109 111
110 111
111 111
112 111
113 111
114 111
115 111
116 111
117 111
118 111
119 111
120 112
121 112
122 112
123 112
