0 110
1 104
2 107
3 109
4 110
5 110
6 110
7 110
8 110
9 110
10 110
11 113
12 113
13 113
14 113
15 110
16 110
17 110
18 110
19 110
20 109
21 109
22 109
23 109
24 109
25 109
26 108
27 108
28 109
29 109
30 109
31 109
32 109
33 109
34 109
35 109
36 109
37 109
38 109
39 109
40 109
41 109
42 110
43 110
44 110
45 110
46 110
47 110
48 110
49 110
50 110
51 110
52 110
53 110
54 110
55 110
56 110
57 110
58 110
59 110
60 110
61 110
62 110
63 110
64 28
65 28
66 110
67 110
68 110
69 110
70 109
71 109
72 109
73 108
74 106
75 108
76 109
77 110
78 110
79 110
80 110
81 110
82 110
83 110
84 113
85 114
86 115
87 123
88 130
89 0
90 130
91 130
92 130
93 5
94 6
95 6
96 6
97 6
98 6
99 6
100 6
101 6
102 6
103 6
104 7
105 7
106 27
107 108
108 104
109 103
110 108
111 110
112 32
113 7
114 7
115 7
116 7
117 7
118 6
119 6
120 7
121 111
122 109
123 106
124 105
125 105
126 106
127 110
128 109
129 106
130 109
131 27
132 27
133 27
134 27
135 27
136 37
137 28
138 27
139 94
140 97
141 98
142 100
143 100
144 7
145 7
146 7
147 7
148 7
149 7
150 7
151 7
152 7
153 7
154 130
155 6
156 34
157 6
158 6
159 6
160 114
161 68
162 111
163 6
164 6
165 6
166 6
167 130
168 115
169 113
170 110
171 105
172 110
173 26
174 113
175 113
176 113
177 113
178 113
179 113
180 113
181 113
182 114
183 114
184 114
185 115
186 115
187 114
188 114
189 113
190 113
191 110
192 109
193 109
194 108
195 106
196 106
197 105
198 101
199 101
200 101
201 100
202 100
203 100
204 100
205 100
206 100
207 100
208 100
209 105
210 105
211 105
212 105
213 106
214 108
215 113
216 107
217 106
218 106
219 106
220 106
221 106
222 109
223 110
224 32
