0 61
1 62
2 63
3 64
4 70
5 70
6 70
7 70
8 70
9 70
10 70
11 70
12 70
13 70
14 70
15 71
16 71
17 71
18 71
19 71
20 71
21 71
22 71
23 71
24 71
25 70
26 68
27 68
28 67
29 64
30 64
31 64
32 64
33 64
34 64
35 64
36 64
37 64
38 103
39 103
40 107
41 107
42 108
43 112
44 112
45 112
46 113
47 113
48 113
49 114
50 115
51 115
52 117
53 117
54 117
55 117
56 117
57 117
58 117
59 117
60 118
61 118
62 118
63 118
64 118
65 118
66 118
67 118
68 118
69 118
70 118
71 118
72 118
73 2
74 2
75 2
76 118
77 118
78 45
79 45
80 64
81 64
82 64
83 63
84 63
85 62
86 59
87 62
88 62
89 61
90 61
91 61
92 60
93 60
94 61
95 61
96 61
97 61
98 61
99 61
100 62
