0 603
1 603
2 603
3 602
4 602
5 553
6 553
7 553
8 553
9 553
10 553
11 555
12 555
13 555
14 560
15 556
16 556
17 560
18 561
19 562
20 564
21 565
22 565
23 565
24 565
25 565
26 564
27 565
28 587
29 588
30 475
31 508
32 509
33 484
34 600
35 484
36 601
37 601
38 602
39 181
40 170
41 170
42 299
43 298
44 298
45 298
46 298
47 298
48 298
49 171
50 175
51 224
52 229
53 234
54 234
55 234
56 245
57 245
58 248
59 251
60 251
61 251
62 250
63 250
64 210
65 211
66 524
67 524
68 524
69 524
70 524
71 524
72 523
73 525
74 542
75 525
76 599
77 557
78 554
79 552
80 552
81 552
82 552
83 552
84 551
85 550
86 550
87 550
88 302
89 301
90 301
91 603
92 301
93 301
94 603
95 603
96 603
97 603
98 603
99 603
100 603
