0 71
1 83
2 83
3 83
4 83
5 83
6 83
7 83
8 83
9 83
10 82
11 82
12 82
13 82
14 82
15 82
16 82
17 82
18 82
19 82
20 82
21 82
22 82
23 82
24 82
25 82
26 82
27 82
28 82
29 82
30 82
31 82
32 82
33 82
34 82
35 83
36 83
37 83
38 83
39 83
40 83
41 83
42 83
43 83
44 83
45 83
46 83
47 83
48 83
49 83
50 83
51 83
52 83
53 83
54 83
55 83
56 83
57 83
58 83
59 24
60 24
61 23
62 23
63 82
64 82
65 82
66 82
67 82
68 82
69 82
70 82
71 82
72 82
73 82
74 82
75 82
76 82
77 82
78 23
79 24
80 83
81 83
82 83
83 83
84 83
85 65
86 65
87 65
88 65
89 71
90 71
91 71
92 71
93 71
94 71
95 71
96 71
97 71
98 71
99 71
100 71
