267.163 267.163 267.163 267.163 267.163 267.163
269.705 269.705 269.705 269.705 269.705 269.705
273.62 273.62 273.62 273.62 273.62 273.62
286.199 286.199 286.199 286.199 286.199 286.199
296.422 296.422 296.422 296.422 296.422 296.422
310.41 310.41 310.41 310.41 310.41 310.41
329.337 329.337 329.337 329.337 329.337 329.337
347.922 347.922 347.922 347.922 347.922 347.922
359.252 359.252 359.252 359.252 359.252 359.252
361.508 361.508 361.508 361.508 361.508 361.508
370.017 370.017 370.017 370.017 370.017 370.017
377.422 377.422 377.422 377.422 377.422 377.422
381.088 381.088 381.088 381.088 381.088 381.088
378.16 378.16 378.16 378.16 378.16 378.16
398.49 398.49 398.49 398.49 398.49 398.49
386.638 386.638 386.638 386.638 386.638 386.638
382.293 382.293 382.293 382.293 382.293 382.293
385.519 385.519 385.519 385.519 385.519 385.519
391.297 391.297 391.297 391.297 391.297 391.297
387.359 387.359 387.359 387.359 387.359 387.359
379.538 379.538 379.538 379.538 379.538 379.538
378.713 378.713 378.713 378.713 378.713 378.713
375.502 375.502 375.502 375.502 375.502 375.502
367.149 367.149 367.149 367.149 367.149 367.149
357.883 357.883 357.883 357.883 357.883 357.883
348.608 348.608 348.608 348.608 348.608 348.608
341.824 341.824 341.824 341.824 341.824 341.824
338.3 338.3 338.3 338.3 338.3 338.3
332.244 332.244 332.244 332.244 332.244 332.244
323.856 323.856 323.856 323.856 323.856 323.856
316.005 316.005 316.005 316.005 316.005 316.005
307.804 307.804 307.804 307.804 307.804 307.804
299.692 299.692 299.692 299.692 299.692 299.692
286.866 286.866 286.866 286.866 286.866 286.866
268.246 268.246 268.246 268.246 268.246 268.246
254.544 254.544 254.544 254.544 254.544 254.544
246.311 246.311 246.311 246.311 246.311 246.311
233.09 233.09 233.09 233.09 233.09 233.09
211.665 211.665 211.665 211.665 211.665 211.665
192.328 192.328 192.328 192.328 192.328 192.328
181.008 181.008 181.008 181.008 181.008 181.008
170.437 170.437 170.437 170.437 170.437 170.437
156.648 156.648 156.648 156.648 156.648 156.648
149.039 149.039 149.039 149.039 149.039 149.039
145.367 145.367 145.367 145.367 145.367 145.367
138.135 138.135 138.135 138.135 138.135 138.135
128.767 128.767 128.767 128.767 128.767 128.767
126.683 126.683 126.683 126.683 126.683 126.683
132.642 132.642 132.642 132.642 132.642 132.642
147.36 147.36 147.36 147.36 147.36 147.36
164.186 164.186 164.186 164.186 164.186 164.186
175.602 175.602 175.602 175.602 175.602 175.602
183.337 183.337 183.337 183.337 183.337 183.337
189.034 189.034 189.034 189.034 189.034 189.034
189.87 189.87 189.87 189.87 189.87 189.87
192.595 192.595 192.595 192.595 192.595 192.595
199.619 199.619 199.619 199.619 199.619 199.619
204.548 204.548 204.548 204.548 204.548 204.548
206.222 206.222 206.222 206.222 206.222 206.222
208.423 208.423 208.423 208.423 208.423 208.423
213.833 213.833 213.833 213.833 213.833 213.833
221.566 221.566 221.566 221.566 221.566 221.566
228.76 228.76 228.76 228.76 228.76 228.76
235.97 235.97 235.97 235.97 235.97 235.97
243.32 243.32 243.32 243.32 243.32 243.32
252.627 252.627 252.627 252.627 252.627 252.627
265.641 265.641 265.641 265.641 265.641 265.641
266.048 266.048 266.048 266.048 266.048 266.048
271.033 271.033 271.033 271.033 271.033 271.033
276.076 276.076 276.076 276.076 276.076 276.076
282.015 282.015 282.015 282.015 282.015 282.015
285.123 285.123 285.123 285.123 285.123 285.123
286.414 286.414 286.414 286.414 286.414 286.414
287.312 287.312 287.312 287.312 287.312 287.312
289.85 289.85 289.85 289.85 289.85 289.85
288.149 288.149 288.149 288.149 288.149 288.149
289.086 289.086 289.086 289.086 289.086 289.086
288.698 288.698 288.698 288.698 288.698 288.698
286.067 286.067 286.067 286.067 286.067 286.067
279.323 279.323 279.323 279.323 279.323 279.323
270.878 270.878 270.878 270.878 270.878 270.878
259.191 259.191 259.191 259.191 259.191 259.191
253.958 253.958 253.958 253.958 253.958 253.958
251.864 251.864 251.864 251.864 251.864 251.864
248.42 248.42 248.42 248.42 248.42 248.42
254.975 254.975 254.975 254.975 254.975 254.975
265.593 265.593 265.593 265.593 265.593 265.593
270.976 270.976 270.976 270.976 270.976 270.976
268.161 268.161 268.161 268.161 268.161 268.161
263.956 263.956 263.956 263.956 263.956 263.956
262.973 262.973 262.973 262.973 262.973 262.973
264.415 264.415 264.415 264.415 264.415 264.415
264.77 264.77 264.77 264.77 264.77 264.77
265.98 265.98 265.98 265.98 265.98 265.98
267.19 267.19 267.19 267.19 267.19 267.19
268.4 268.4 268.4 268.4 268.4 268.4
269.61 269.61 269.61 269.61 269.61 269.61
270.82 270.82 270.82 270.82 270.82 270.82
272.03 272.03 272.03 272.03 272.03 272.03
273.24 273.24 273.24 273.24 273.24 273.24
274.449 274.449 274.449 274.449 274.449 274.449
