0 47
1 48
2 49
3 49
4 49
5 49
6 50
7 50
8 50
9 49
10 49
11 49
12 49
13 49
14 48
15 48
16 48
17 48
18 47
19 47
20 47
21 47
22 47
23 47
24 47
25 47
26 47
27 47
28 47
29 48
30 43
31 43
32 42
33 42
34 84
35 84
36 84
37 84
38 84
39 84
40 84
41 84
42 84
43 84
44 84
45 84
46 84
47 84
48 84
49 84
50 83
51 83
52 85
53 85
54 85
55 85
56 85
57 90
58 90
59 90
60 90
61 89
62 1
63 2
64 3
65 3
66 16
67 16
68 16
69 16
70 16
71 16
72 17
73 17
74 18
75 18
76 18
77 19
78 19
79 20
80 20
81 20
82 20
83 20
84 22
85 22
86 22
87 23
88 23
89 24
90 25
91 36
92 36
93 36
94 36
95 36
96 36
97 37
98 38
99 39
100 39
101 39
102 39
103 39
104 40
105 42
106 43
107 43
108 43
109 44
110 45
111 47
112 47
113 47
114 47
115 47
116 47
117 47
118 47
119 47
120 47
121 47
122 47
123 47
124 47
125 47
126 47
127 47
128 47
129 47
130 47
