51.9601 51.9601 51.9601 51.9601 51.9601 51.9601 51.9601 51.9601 51.9601 51.9601 51.9601 51.9601 51.9601 51.9601 51.9601 51.9601 51.9601 51.9601 51.9601 51.9601 51.9601 51.9601 51.9601 51.9601
56.4122 56.4122 56.4122 56.4122 56.4122 56.4122 56.4122 56.4122 56.4122 56.4122 56.4122 56.4122 56.4122 56.4122 56.4122 56.4122 56.4122 56.4122 56.4122 56.4122 56.4122 56.4122 56.4122 56.4122
61.5038 61.5038 61.5038 61.5038 61.5038 61.5038 61.5038 61.5038 61.5038 61.5038 61.5038 61.5038 61.5038 61.5038 61.5038 61.5038 61.5038 61.5038 61.5038 61.5038 61.5038 61.5038 61.5038 61.5038
63.6797 63.6797 63.6797 63.6797 63.6797 63.6797 63.6797 63.6797 63.6797 63.6797 63.6797 63.6797 63.6797 63.6797 63.6797 63.6797 63.6797 63.6797 63.6797 63.6797 63.6797 63.6797 63.6797 63.6797
66.666 66.666 66.666 66.666 66.666 66.666 66.666 66.666 66.666 66.666 66.666 66.666 66.666 66.666 66.666 66.666 66.666 66.666 66.666 66.666 66.666 66.666 66.666 66.666
71.1629 71.1629 71.1629 71.1629 71.1629 71.1629 71.1629 71.1629 71.1629 71.1629 71.1629 71.1629 71.1629 71.1629 71.1629 71.1629 71.1629 71.1629 71.1629 71.1629 71.1629 71.1629 71.1629 71.1629
74.7477 74.7477 74.7477 74.7477 74.7477 74.7477 74.7477 74.7477 74.7477 74.7477 74.7477 74.7477 74.7477 74.7477 74.7477 74.7477 74.7477 74.7477 74.7477 74.7477 74.7477 74.7477 74.7477 74.7477
76.7093 76.7093 76.7093 76.7093 76.7093 76.7093 76.7093 76.7093 76.7093 76.7093 76.7093 76.7093 76.7093 76.7093 76.7093 76.7093 76.7093 76.7093 76.7093 76.7093 76.7093 76.7093 76.7093 76.7093
76.8436 76.8436 76.8436 76.8436 76.8436 76.8436 76.8436 76.8436 76.8436 76.8436 76.8436 76.8436 76.8436 76.8436 76.8436 76.8436 76.8436 76.8436 76.8436 76.8436 76.8436 76.8436 76.8436 76.8436
76.2863 76.2863 76.2863 76.2863 76.2863 76.2863 76.2863 76.2863 76.2863 76.2863 76.2863 76.2863 76.2863 76.2863 76.2863 76.2863 76.2863 76.2863 76.2863 76.2863 76.2863 76.2863 76.2863 76.2863
76.054 76.054 76.054 76.054 76.054 76.054 76.054 76.054 76.054 76.054 76.054 76.054 76.054 76.054 76.054 76.054 76.054 76.054 76.054 76.054 76.054 76.054 76.054 76.054
75.8824 75.8824 75.8824 75.8824 75.8824 75.8824 75.8824 75.8824 75.8824 75.8824 75.8824 75.8824 75.8824 75.8824 75.8824 75.8824 75.8824 75.8824 75.8824 75.8824 75.8824 75.8824 75.8824 75.8824
76.648 76.648 76.648 76.648 76.648 76.648 76.648 76.648 76.648 76.648 76.648 76.648 76.648 76.648 76.648 76.648 76.648 76.648 76.648 76.648 76.648 76.648 76.648 76.648
75.6597 75.6597 75.6597 75.6597 75.6597 75.6597 75.6597 75.6597 75.6597 75.6597 75.6597 75.6597 75.6597 75.6597 75.6597 75.6597 75.6597 75.6597 75.6597 75.6597 75.6597 75.6597 75.6597 75.6597
73.131 73.131 73.131 73.131 73.131 73.131 73.131 73.131 73.131 73.131 73.131 73.131 73.131 73.131 73.131 73.131 73.131 73.131 73.131 73.131 73.131 73.131 73.131 73.131
75.448 75.448 75.448 75.448 75.448 75.448 75.448 75.448 75.448 75.448 75.448 75.448 75.448 75.448 75.448 75.448 75.448 75.448 75.448 75.448 75.448 75.448 75.448 75.448
76.5993 76.5993 76.5993 76.5993 76.5993 76.5993 76.5993 76.5993 76.5993 76.5993 76.5993 76.5993 76.5993 76.5993 76.5993 76.5993 76.5993 76.5993 76.5993 76.5993 76.5993 76.5993 76.5993 76.5993
73.7572 73.7572 73.7572 73.7572 73.7572 73.7572 73.7572 73.7572 73.7572 73.7572 73.7572 73.7572 73.7572 73.7572 73.7572 73.7572 73.7572 73.7572 73.7572 73.7572 73.7572 73.7572 73.7572 73.7572
69.3384 69.3384 69.3384 69.3384 69.3384 69.3384 69.3384 69.3384 69.3384 69.3384 69.3384 69.3384 69.3384 69.3384 69.3384 69.3384 69.3384 69.3384 69.3384 69.3384 69.3384 69.3384 69.3384 69.3384
63.7514 63.7514 63.7514 63.7514 63.7514 63.7514 63.7514 63.7514 63.7514 63.7514 63.7514 63.7514 63.7514 63.7514 63.7514 63.7514 63.7514 63.7514 63.7514 63.7514 63.7514 63.7514 63.7514 63.7514
57.2649 57.2649 57.2649 57.2649 57.2649 57.2649 57.2649 57.2649 57.2649 57.2649 57.2649 57.2649 57.2649 57.2649 57.2649 57.2649 57.2649 57.2649 57.2649 57.2649 57.2649 57.2649 57.2649 57.2649
50.2856 50.2856 50.2856 50.2856 50.2856 50.2856 50.2856 50.2856 50.2856 50.2856 50.2856 50.2856 50.2856 50.2856 50.2856 50.2856 50.2856 50.2856 50.2856 50.2856 50.2856 50.2856 50.2856 50.2856
44.5647 44.5647 44.5647 44.5647 44.5647 44.5647 44.5647 44.5647 44.5647 44.5647 44.5647 44.5647 44.5647 44.5647 44.5647 44.5647 44.5647 44.5647 44.5647 44.5647 44.5647 44.5647 44.5647 44.5647
42.5696 42.5696 42.5696 42.5696 42.5696 42.5696 42.5696 42.5696 42.5696 42.5696 42.5696 42.5696 42.5696 42.5696 42.5696 42.5696 42.5696 42.5696 42.5696 42.5696 42.5696 42.5696 42.5696 42.5696
42.8946 42.8946 42.8946 42.8946 42.8946 42.8946 42.8946 42.8946 42.8946 42.8946 42.8946 42.8946 42.8946 42.8946 42.8946 42.8946 42.8946 42.8946 42.8946 42.8946 42.8946 42.8946 42.8946 42.8946
39.7707 39.7707 39.7707 39.7707 39.7707 39.7707 39.7707 39.7707 39.7707 39.7707 39.7707 39.7707 39.7707 39.7707 39.7707 39.7707 39.7707 39.7707 39.7707 39.7707 39.7707 39.7707 39.7707 39.7707
33.1814 33.1814 33.1814 33.1814 33.1814 33.1814 33.1814 33.1814 33.1814 33.1814 33.1814 33.1814 33.1814 33.1814 33.1814 33.1814 33.1814 33.1814 33.1814 33.1814 33.1814 33.1814 33.1814 33.1814
36.6583 36.6583 36.6583 36.6583 36.6583 36.6583 36.6583 36.6583 36.6583 36.6583 36.6583 36.6583 36.6583 36.6583 36.6583 36.6583 36.6583 36.6583 36.6583 36.6583 36.6583 36.6583 36.6583 36.6583
41.7854 41.7854 41.7854 41.7854 41.7854 41.7854 41.7854 41.7854 41.7854 41.7854 41.7854 41.7854 41.7854 41.7854 41.7854 41.7854 41.7854 41.7854 41.7854 41.7854 41.7854 41.7854 41.7854 41.7854
45.208 45.208 45.208 45.208 45.208 45.208 45.208 45.208 45.208 45.208 45.208 45.208 45.208 45.208 45.208 45.208 45.208 45.208 45.208 45.208 45.208 45.208 45.208 45.208
45.7814 45.7814 45.7814 45.7814 45.7814 45.7814 45.7814 45.7814 45.7814 45.7814 45.7814 45.7814 45.7814 45.7814 45.7814 45.7814 45.7814 45.7814 45.7814 45.7814 45.7814 45.7814 45.7814 45.7814
47.0924 47.0924 47.0924 47.0924 47.0924 47.0924 47.0924 47.0924 47.0924 47.0924 47.0924 47.0924 47.0924 47.0924 47.0924 47.0924 47.0924 47.0924 47.0924 47.0924 47.0924 47.0924 47.0924 47.0924
49.3516 49.3516 49.3516 49.3516 49.3516 49.3516 49.3516 49.3516 49.3516 49.3516 49.3516 49.3516 49.3516 49.3516 49.3516 49.3516 49.3516 49.3516 49.3516 49.3516 49.3516 49.3516 49.3516 49.3516
52.6008 52.6008 52.6008 52.6008 52.6008 52.6008 52.6008 52.6008 52.6008 52.6008 52.6008 52.6008 52.6008 52.6008 52.6008 52.6008 52.6008 52.6008 52.6008 52.6008 52.6008 52.6008 52.6008 52.6008
55.1454 55.1454 55.1454 55.1454 55.1454 55.1454 55.1454 55.1454 55.1454 55.1454 55.1454 55.1454 55.1454 55.1454 55.1454 55.1454 55.1454 55.1454 55.1454 55.1454 55.1454 55.1454 55.1454 55.1454
56.6639 56.6639 56.6639 56.6639 56.6639 56.6639 56.6639 56.6639 56.6639 56.6639 56.6639 56.6639 56.6639 56.6639 56.6639 56.6639 56.6639 56.6639 56.6639 56.6639 56.6639 56.6639 56.6639 56.6639
59.8338 59.8338 59.8338 59.8338 59.8338 59.8338 59.8338 59.8338 59.8338 59.8338 59.8338 59.8338 59.8338 59.8338 59.8338 59.8338 59.8338 59.8338 59.8338 59.8338 59.8338 59.8338 59.8338 59.8338
62.7172 62.7172 62.7172 62.7172 62.7172 62.7172 62.7172 62.7172 62.7172 62.7172 62.7172 62.7172 62.7172 62.7172 62.7172 62.7172 62.7172 62.7172 62.7172 62.7172 62.7172 62.7172 62.7172 62.7172
61.0628 61.0628 61.0628 61.0628 61.0628 61.0628 61.0628 61.0628 61.0628 61.0628 61.0628 61.0628 61.0628 61.0628 61.0628 61.0628 61.0628 61.0628 61.0628 61.0628 61.0628 61.0628 61.0628 61.0628
57.772 57.772 57.772 57.772 57.772 57.772 57.772 57.772 57.772 57.772 57.772 57.772 57.772 57.772 57.772 57.772 57.772 57.772 57.772 57.772 57.772 57.772 57.772 57.772
56.6486 56.6486 56.6486 56.6486 56.6486 56.6486 56.6486 56.6486 56.6486 56.6486 56.6486 56.6486 56.6486 56.6486 56.6486 56.6486 56.6486 56.6486 56.6486 56.6486 56.6486 56.6486 56.6486 56.6486
56.7217 56.7217 56.7217 56.7217 56.7217 56.7217 56.7217 56.7217 56.7217 56.7217 56.7217 56.7217 56.7217 56.7217 56.7217 56.7217 56.7217 56.7217 56.7217 56.7217 56.7217 56.7217 56.7217 56.7217
56.8811 56.8811 56.8811 56.8811 56.8811 56.8811 56.8811 56.8811 56.8811 56.8811 56.8811 56.8811 56.8811 56.8811 56.8811 56.8811 56.8811 56.8811 56.8811 56.8811 56.8811 56.8811 56.8811 56.8811
55.7784 55.7784 55.7784 55.7784 55.7784 55.7784 55.7784 55.7784 55.7784 55.7784 55.7784 55.7784 55.7784 55.7784 55.7784 55.7784 55.7784 55.7784 55.7784 55.7784 55.7784 55.7784 55.7784 55.7784
53.7851 53.7851 53.7851 53.7851 53.7851 53.7851 53.7851 53.7851 53.7851 53.7851 53.7851 53.7851 53.7851 53.7851 53.7851 53.7851 53.7851 53.7851 53.7851 53.7851 53.7851 53.7851 53.7851 53.7851
54.0098 54.0098 54.0098 54.0098 54.0098 54.0098 54.0098 54.0098 54.0098 54.0098 54.0098 54.0098 54.0098 54.0098 54.0098 54.0098 54.0098 54.0098 54.0098 54.0098 54.0098 54.0098 54.0098 54.0098
54.7237 54.7237 54.7237 54.7237 54.7237 54.7237 54.7237 54.7237 54.7237 54.7237 54.7237 54.7237 54.7237 54.7237 54.7237 54.7237 54.7237 54.7237 54.7237 54.7237 54.7237 54.7237 54.7237 54.7237
53.7227 53.7227 53.7227 53.7227 53.7227 53.7227 53.7227 53.7227 53.7227 53.7227 53.7227 53.7227 53.7227 53.7227 53.7227 53.7227 53.7227 53.7227 53.7227 53.7227 53.7227 53.7227 53.7227 53.7227
54.6653 54.6653 54.6653 54.6653 54.6653 54.6653 54.6653 54.6653 54.6653 54.6653 54.6653 54.6653 54.6653 54.6653 54.6653 54.6653 54.6653 54.6653 54.6653 54.6653 54.6653 54.6653 54.6653 54.6653
55.7377 55.7377 55.7377 55.7377 55.7377 55.7377 55.7377 55.7377 55.7377 55.7377 55.7377 55.7377 55.7377 55.7377 55.7377 55.7377 55.7377 55.7377 55.7377 55.7377 55.7377 55.7377 55.7377 55.7377
55.705 55.705 55.705 55.705 55.705 55.705 55.705 55.705 55.705 55.705 55.705 55.705 55.705 55.705 55.705 55.705 55.705 55.705 55.705 55.705 55.705 55.705 55.705 55.705
56.7123 56.7123 56.7123 56.7123 56.7123 56.7123 56.7123 56.7123 56.7123 56.7123 56.7123 56.7123 56.7123 56.7123 56.7123 56.7123 56.7123 56.7123 56.7123 56.7123 56.7123 56.7123 56.7123 56.7123
61.187 61.187 61.187 61.187 61.187 61.187 61.187 61.187 61.187 61.187 61.187 61.187 61.187 61.187 61.187 61.187 61.187 61.187 61.187 61.187 61.187 61.187 61.187 61.187
65.6212 65.6212 65.6212 65.6212 65.6212 65.6212 65.6212 65.6212 65.6212 65.6212 65.6212 65.6212 65.6212 65.6212 65.6212 65.6212 65.6212 65.6212 65.6212 65.6212 65.6212 65.6212 65.6212 65.6212
69.6066 69.6066 69.6066 69.6066 69.6066 69.6066 69.6066 69.6066 69.6066 69.6066 69.6066 69.6066 69.6066 69.6066 69.6066 69.6066 69.6066 69.6066 69.6066 69.6066 69.6066 69.6066 69.6066 69.6066
73.3852 73.3852 73.3852 73.3852 73.3852 73.3852 73.3852 73.3852 73.3852 73.3852 73.3852 73.3852 73.3852 73.3852 73.3852 73.3852 73.3852 73.3852 73.3852 73.3852 73.3852 73.3852 73.3852 73.3852
77.79 77.79 77.79 77.79 77.79 77.79 77.79 77.79 77.79 77.79 77.79 77.79 77.79 77.79 77.79 77.79 77.79 77.79 77.79 77.79 77.79 77.79 77.79 77.79
83.1471 83.1471 83.1471 83.1471 83.1471 83.1471 83.1471 83.1471 83.1471 83.1471 83.1471 83.1471 83.1471 83.1471 83.1471 83.1471 83.1471 83.1471 83.1471 83.1471 83.1471 83.1471 83.1471 83.1471
90.3873 90.3873 90.3873 90.3873 90.3873 90.3873 90.3873 90.3873 90.3873 90.3873 90.3873 90.3873 90.3873 90.3873 90.3873 90.3873 90.3873 90.3873 90.3873 90.3873 90.3873 90.3873 90.3873 90.3873
97.1941 97.1941 97.1941 97.1941 97.1941 97.1941 97.1941 97.1941 97.1941 97.1941 97.1941 97.1941 97.1941 97.1941 97.1941 97.1941 97.1941 97.1941 97.1941 97.1941 97.1941 97.1941 97.1941 97.1941
101.467 101.467 101.467 101.467 101.467 101.467 101.467 101.467 101.467 101.467 101.467 101.467 101.467 101.467 101.467 101.467 101.467 101.467 101.467 101.467 101.467 101.467 101.467 101.467
104.451 104.451 104.451 104.451 104.451 104.451 104.451 104.451 104.451 104.451 104.451 104.451 104.451 104.451 104.451 104.451 104.451 104.451 104.451 104.451 104.451 104.451 104.451 104.451
107.395 107.395 107.395 107.395 107.395 107.395 107.395 107.395 107.395 107.395 107.395 107.395 107.395 107.395 107.395 107.395 107.395 107.395 107.395 107.395 107.395 107.395 107.395 107.395
112.533 112.533 112.533 112.533 112.533 112.533 112.533 112.533 112.533 112.533 112.533 112.533 112.533 112.533 112.533 112.533 112.533 112.533 112.533 112.533 112.533 112.533 112.533 112.533
115.956 115.956 115.956 115.956 115.956 115.956 115.956 115.956 115.956 115.956 115.956 115.956 115.956 115.956 115.956 115.956 115.956 115.956 115.956 115.956 115.956 115.956 115.956 115.956
116.206 116.206 116.206 116.206 116.206 116.206 116.206 116.206 116.206 116.206 116.206 116.206 116.206 116.206 116.206 116.206 116.206 116.206 116.206 116.206 116.206 116.206 116.206 116.206
115.783 115.783 115.783 115.783 115.783 115.783 115.783 115.783 115.783 115.783 115.783 115.783 115.783 115.783 115.783 115.783 115.783 115.783 115.783 115.783 115.783 115.783 115.783 115.783
116.888 116.888 116.888 116.888 116.888 116.888 116.888 116.888 116.888 116.888 116.888 116.888 116.888 116.888 116.888 116.888 116.888 116.888 116.888 116.888 116.888 116.888 116.888 116.888
119.164 119.164 119.164 119.164 119.164 119.164 119.164 119.164 119.164 119.164 119.164 119.164 119.164 119.164 119.164 119.164 119.164 119.164 119.164 119.164 119.164 119.164 119.164 119.164
120.782 120.782 120.782 120.782 120.782 120.782 120.782 120.782 120.782 120.782 120.782 120.782 120.782 120.782 120.782 120.782 120.782 120.782 120.782 120.782 120.782 120.782 120.782 120.782
122.521 122.521 122.521 122.521 122.521 122.521 122.521 122.521 122.521 122.521 122.521 122.521 122.521 122.521 122.521 122.521 122.521 122.521 122.521 122.521 122.521 122.521 122.521 122.521
124.762 124.762 124.762 124.762 124.762 124.762 124.762 124.762 124.762 124.762 124.762 124.762 124.762 124.762 124.762 124.762 124.762 124.762 124.762 124.762 124.762 124.762 124.762 124.762
124.948 124.948 124.948 124.948 124.948 124.948 124.948 124.948 124.948 124.948 124.948 124.948 124.948 124.948 124.948 124.948 124.948 124.948 124.948 124.948 124.948 124.948 124.948 124.948
122.867 122.867 122.867 122.867 122.867 122.867 122.867 122.867 122.867 122.867 122.867 122.867 122.867 122.867 122.867 122.867 122.867 122.867 122.867 122.867 122.867 122.867 122.867 122.867
121.355 121.355 121.355 121.355 121.355 121.355 121.355 121.355 121.355 121.355 121.355 121.355 121.355 121.355 121.355 121.355 121.355 121.355 121.355 121.355 121.355 121.355 121.355 121.355
119.693 119.693 119.693 119.693 119.693 119.693 119.693 119.693 119.693 119.693 119.693 119.693 119.693 119.693 119.693 119.693 119.693 119.693 119.693 119.693 119.693 119.693 119.693 119.693
118.156 118.156 118.156 118.156 118.156 118.156 118.156 118.156 118.156 118.156 118.156 118.156 118.156 118.156 118.156 118.156 118.156 118.156 118.156 118.156 118.156 118.156 118.156 118.156
115.097 115.097 115.097 115.097 115.097 115.097 115.097 115.097 115.097 115.097 115.097 115.097 115.097 115.097 115.097 115.097 115.097 115.097 115.097 115.097 115.097 115.097 115.097 115.097
110.6 110.6 110.6 110.6 110.6 110.6 110.6 110.6 110.6 110.6 110.6 110.6 110.6 110.6 110.6 110.6 110.6 110.6 110.6 110.6 110.6 110.6 110.6 110.6
105.047 105.047 105.047 105.047 105.047 105.047 105.047 105.047 105.047 105.047 105.047 105.047 105.047 105.047 105.047 105.047 105.047 105.047 105.047 105.047 105.047 105.047 105.047 105.047
101.014 101.014 101.014 101.014 101.014 101.014 101.014 101.014 101.014 101.014 101.014 101.014 101.014 101.014 101.014 101.014 101.014 101.014 101.014 101.014 101.014 101.014 101.014 101.014
99.5555 99.5555 99.5555 99.5555 99.5555 99.5555 99.5555 99.5555 99.5555 99.5555 99.5555 99.5555 99.5555 99.5555 99.5555 99.5555 99.5555 99.5555 99.5555 99.5555 99.5555 99.5555 99.5555 99.5555
96.6867 96.6867 96.6867 96.6867 96.6867 96.6867 96.6867 96.6867 96.6867 96.6867 96.6867 96.6867 96.6867 96.6867 96.6867 96.6867 96.6867 96.6867 96.6867 96.6867 96.6867 96.6867 96.6867 96.6867
90.9699 90.9699 90.9699 90.9699 90.9699 90.9699 90.9699 90.9699 90.9699 90.9699 90.9699 90.9699 90.9699 90.9699 90.9699 90.9699 90.9699 90.9699 90.9699 90.9699 90.9699 90.9699 90.9699 90.9699
88.103 88.103 88.103 88.103 88.103 88.103 88.103 88.103 88.103 88.103 88.103 88.103 88.103 88.103 88.103 88.103 88.103 88.103 88.103 88.103 88.103 88.103 88.103 88.103
88.3814 88.3814 88.3814 88.3814 88.3814 88.3814 88.3814 88.3814 88.3814 88.3814 88.3814 88.3814 88.3814 88.3814 88.3814 88.3814 88.3814 88.3814 88.3814 88.3814 88.3814 88.3814 88.3814 88.3814
87.3969 87.3969 87.3969 87.3969 87.3969 87.3969 87.3969 87.3969 87.3969 87.3969 87.3969 87.3969 87.3969 87.3969 87.3969 87.3969 87.3969 87.3969 87.3969 87.3969 87.3969 87.3969 87.3969 87.3969
85.2012 85.2012 85.2012 85.2012 85.2012 85.2012 85.2012 85.2012 85.2012 85.2012 85.2012 85.2012 85.2012 85.2012 85.2012 85.2012 85.2012 85.2012 85.2012 85.2012 85.2012 85.2012 85.2012 85.2012
83.2552 83.2552 83.2552 83.2552 83.2552 83.2552 83.2552 83.2552 83.2552 83.2552 83.2552 83.2552 83.2552 83.2552 83.2552 83.2552 83.2552 83.2552 83.2552 83.2552 83.2552 83.2552 83.2552 83.2552
79.9006 79.9006 79.9006 79.9006 79.9006 79.9006 79.9006 79.9006 79.9006 79.9006 79.9006 79.9006 79.9006 79.9006 79.9006 79.9006 79.9006 79.9006 79.9006 79.9006 79.9006 79.9006 79.9006 79.9006
75.7628 75.7628 75.7628 75.7628 75.7628 75.7628 75.7628 75.7628 75.7628 75.7628 75.7628 75.7628 75.7628 75.7628 75.7628 75.7628 75.7628 75.7628 75.7628 75.7628 75.7628 75.7628 75.7628 75.7628
72.5493 72.5493 72.5493 72.5493 72.5493 72.5493 72.5493 72.5493 72.5493 72.5493 72.5493 72.5493 72.5493 72.5493 72.5493 72.5493 72.5493 72.5493 72.5493 72.5493 72.5493 72.5493 72.5493 72.5493
69.2228 69.2228 69.2228 69.2228 69.2228 69.2228 69.2228 69.2228 69.2228 69.2228 69.2228 69.2228 69.2228 69.2228 69.2228 69.2228 69.2228 69.2228 69.2228 69.2228 69.2228 69.2228 69.2228 69.2228
66.7567 66.7567 66.7567 66.7567 66.7567 66.7567 66.7567 66.7567 66.7567 66.7567 66.7567 66.7567 66.7567 66.7567 66.7567 66.7567 66.7567 66.7567 66.7567 66.7567 66.7567 66.7567 66.7567 66.7567
64.7216 64.7216 64.7216 64.7216 64.7216 64.7216 64.7216 64.7216 64.7216 64.7216 64.7216 64.7216 64.7216 64.7216 64.7216 64.7216 64.7216 64.7216 64.7216 64.7216 64.7216 64.7216 64.7216 64.7216
62.1797 62.1797 62.1797 62.1797 62.1797 62.1797 62.1797 62.1797 62.1797 62.1797 62.1797 62.1797 62.1797 62.1797 62.1797 62.1797 62.1797 62.1797 62.1797 62.1797 62.1797 62.1797 62.1797 62.1797
59.6772 59.6772 59.6772 59.6772 59.6772 59.6772 59.6772 59.6772 59.6772 59.6772 59.6772 59.6772 59.6772 59.6772 59.6772 59.6772 59.6772 59.6772 59.6772 59.6772 59.6772 59.6772 59.6772 59.6772
55.0399 55.0399 55.0399 55.0399 55.0399 55.0399 55.0399 55.0399 55.0399 55.0399 55.0399 55.0399 55.0399 55.0399 55.0399 55.0399 55.0399 55.0399 55.0399 55.0399 55.0399 55.0399 55.0399 55.0399
51.3878 51.3878 51.3878 51.3878 51.3878 51.3878 51.3878 51.3878 51.3878 51.3878 51.3878 51.3878 51.3878 51.3878 51.3878 51.3878 51.3878 51.3878 51.3878 51.3878 51.3878 51.3878 51.3878 51.3878
50.8581 50.8581 50.8581 50.8581 50.8581 50.8581 50.8581 50.8581 50.8581 50.8581 50.8581 50.8581 50.8581 50.8581 50.8581 50.8581 50.8581 50.8581 50.8581 50.8581 50.8581 50.8581 50.8581 50.8581
50.5909 50.5909 50.5909 50.5909 50.5909 50.5909 50.5909 50.5909 50.5909 50.5909 50.5909 50.5909 50.5909 50.5909 50.5909 50.5909 50.5909 50.5909 50.5909 50.5909 50.5909 50.5909 50.5909 50.5909
47.5158 47.5158 47.5158 47.5158 47.5158 47.5158 47.5158 47.5158 47.5158 47.5158 47.5158 47.5158 47.5158 47.5158 47.5158 47.5158 47.5158 47.5158 47.5158 47.5158 47.5158 47.5158 47.5158 47.5158
43.3213 43.3213 43.3213 43.3213 43.3213 43.3213 43.3213 43.3213 43.3213 43.3213 43.3213 43.3213 43.3213 43.3213 43.3213 43.3213 43.3213 43.3213 43.3213 43.3213 43.3213 43.3213 43.3213 43.3213
41.8828 41.8828 41.8828 41.8828 41.8828 41.8828 41.8828 41.8828 41.8828 41.8828 41.8828 41.8828 41.8828 41.8828 41.8828 41.8828 41.8828 41.8828 41.8828 41.8828 41.8828 41.8828 41.8828 41.8828
39.7065 39.7065 39.7065 39.7065 39.7065 39.7065 39.7065 39.7065 39.7065 39.7065 39.7065 39.7065 39.7065 39.7065 39.7065 39.7065 39.7065 39.7065 39.7065 39.7065 39.7065 39.7065 39.7065 39.7065
36.497 36.497 36.497 36.497 36.497 36.497 36.497 36.497 36.497 36.497 36.497 36.497 36.497 36.497 36.497 36.497 36.497 36.497 36.497 36.497 36.497 36.497 36.497 36.497
35.5018 35.5018 35.5018 35.5018 35.5018 35.5018 35.5018 35.5018 35.5018 35.5018 35.5018 35.5018 35.5018 35.5018 35.5018 35.5018 35.5018 35.5018 35.5018 35.5018 35.5018 35.5018 35.5018 35.5018
35.893 35.893 35.893 35.893 35.893 35.893 35.893 35.893 35.893 35.893 35.893 35.893 35.893 35.893 35.893 35.893 35.893 35.893 35.893 35.893 35.893 35.893 35.893 35.893
34.5105 34.5105 34.5105 34.5105 34.5105 34.5105 34.5105 34.5105 34.5105 34.5105 34.5105 34.5105 34.5105 34.5105 34.5105 34.5105 34.5105 34.5105 34.5105 34.5105 34.5105 34.5105 34.5105 34.5105
32.6104 32.6104 32.6104 32.6104 32.6104 32.6104 32.6104 32.6104 32.6104 32.6104 32.6104 32.6104 32.6104 32.6104 32.6104 32.6104 32.6104 32.6104 32.6104 32.6104 32.6104 32.6104 32.6104 32.6104
32.7654 32.7654 32.7654 32.7654 32.7654 32.7654 32.7654 32.7654 32.7654 32.7654 32.7654 32.7654 32.7654 32.7654 32.7654 32.7654 32.7654 32.7654 32.7654 32.7654 32.7654 32.7654 32.7654 32.7654
33.8516 33.8516 33.8516 33.8516 33.8516 33.8516 33.8516 33.8516 33.8516 33.8516 33.8516 33.8516 33.8516 33.8516 33.8516 33.8516 33.8516 33.8516 33.8516 33.8516 33.8516 33.8516 33.8516 33.8516
34.027 34.027 34.027 34.027 34.027 34.027 34.027 34.027 34.027 34.027 34.027 34.027 34.027 34.027 34.027 34.027 34.027 34.027 34.027 34.027 34.027 34.027 34.027 34.027
32.357 32.357 32.357 32.357 32.357 32.357 32.357 32.357 32.357 32.357 32.357 32.357 32.357 32.357 32.357 32.357 32.357 32.357 32.357 32.357 32.357 32.357 32.357 32.357
32.1516 32.1516 32.1516 32.1516 32.1516 32.1516 32.1516 32.1516 32.1516 32.1516 32.1516 32.1516 32.1516 32.1516 32.1516 32.1516 32.1516 32.1516 32.1516 32.1516 32.1516 32.1516 32.1516 32.1516
33.1146 33.1146 33.1146 33.1146 33.1146 33.1146 33.1146 33.1146 33.1146 33.1146 33.1146 33.1146 33.1146 33.1146 33.1146 33.1146 33.1146 33.1146 33.1146 33.1146 33.1146 33.1146 33.1146 33.1146
35.0242 35.0242 35.0242 35.0242 35.0242 35.0242 35.0242 35.0242 35.0242 35.0242 35.0242 35.0242 35.0242 35.0242 35.0242 35.0242 35.0242 35.0242 35.0242 35.0242 35.0242 35.0242 35.0242 35.0242
37.6896 37.6896 37.6896 37.6896 37.6896 37.6896 37.6896 37.6896 37.6896 37.6896 37.6896 37.6896 37.6896 37.6896 37.6896 37.6896 37.6896 37.6896 37.6896 37.6896 37.6896 37.6896 37.6896 37.6896
37.8018 37.8018 37.8018 37.8018 37.8018 37.8018 37.8018 37.8018 37.8018 37.8018 37.8018 37.8018 37.8018 37.8018 37.8018 37.8018 37.8018 37.8018 37.8018 37.8018 37.8018 37.8018 37.8018 37.8018
40.6942 40.6942 40.6942 40.6942 40.6942 40.6942 40.6942 40.6942 40.6942 40.6942 40.6942 40.6942 40.6942 40.6942 40.6942 40.6942 40.6942 40.6942 40.6942 40.6942 40.6942 40.6942 40.6942 40.6942
44.7326 44.7326 44.7326 44.7326 44.7326 44.7326 44.7326 44.7326 44.7326 44.7326 44.7326 44.7326 44.7326 44.7326 44.7326 44.7326 44.7326 44.7326 44.7326 44.7326 44.7326 44.7326 44.7326 44.7326
48.9258 48.9258 48.9258 48.9258 48.9258 48.9258 48.9258 48.9258 48.9258 48.9258 48.9258 48.9258 48.9258 48.9258 48.9258 48.9258 48.9258 48.9258 48.9258 48.9258 48.9258 48.9258 48.9258 48.9258
