0 30
1 30
2 30
3 30
4 30
5 30
6 30
7 30
8 30
9 30
10 30
11 30
12 30
13 30
14 30
15 30
16 30
17 30
18 30
19 30
20 30
21 30
22 30
23 30
24 30
25 31
26 25
27 25
28 24
29 24
30 24
31 23
32 23
33 23
34 23
35 23
36 23
37 23
38 23
39 23
40 23
41 24
42 24
43 26
44 26
45 26
46 26
47 26
48 26
49 25
50 27
51 27
52 27
53 27
54 29
55 29
56 30
57 30
58 30
59 30
60 30
61 30
62 30
63 30
64 30
65 30
66 30
67 30
68 30
69 30
70 30
71 30
72 30
73 30
74 30
75 30
76 30
77 30
78 30
79 30
80 30
81 30
82 29
83 27
84 27
85 27
86 27
87 27
88 27
89 27
90 27
91 25
92 27
93 25
94 25
95 25
96 25
97 25
98 25
99 25
100 26
101 26
102 25
103 27
104 27
105 27
106 27
107 29
108 29
109 30
110 30
111 30
112 30
113 30
114 30
115 30
116 30
117 30
118 30
119 30
120 30
121 30
122 30
123 30
124 30
125 30
126 30
127 30
128 30
129 30
130 30
