144.217 141.835 142.069 142.304 142.538 142.773 143.007 143.242 143.476 143.711 143.945
142.634 140.251 140.486 140.72 140.955 141.189 141.424 141.658 141.893 142.127 142.362
139.366 136.984 137.218 137.453 137.687 137.922 138.156 138.391 138.625 138.86 139.094
137.12 134.738 134.972 135.207 135.441 135.676 135.91 136.145 136.379 136.614 136.848
138.182 135.799 136.034 136.268 136.503 136.737 136.972 137.206 137.441 137.675 137.91
138.45 136.067 136.302 136.536 136.771 137.005 137.24 137.474 137.709 137.943 138.178
135.434 133.051 133.286 133.52 133.755 133.989 134.224 134.458 134.693 134.928 135.162
128.873 126.49 126.724 126.959 127.193 127.428 127.662 127.897 128.132 128.366 128.601
127.915 125.532 125.767 126.001 126.236 126.47 126.705 126.939 127.174 127.408 127.643
127.146 124.763 124.998 125.232 125.467 125.701 125.936 126.17 126.405 126.639 126.874
127.25 124.868 125.102 125.337 125.571 125.806 126.04 126.275 126.509 126.744 126.978
127.809 125.427 125.661 125.896 126.13 126.365 126.599 126.834 127.068 127.303 127.537
126.898 124.516 124.75 124.985 125.219 125.454 125.688 125.923 126.157 126.392 126.626
125.165 122.783 123.017 123.252 123.486 123.721 123.955 124.19 124.424 124.659 124.893
124.97 122.588 122.822 123.057 123.291 123.526 123.76 123.995 124.229 124.464 124.698
124.732 122.349 122.584 122.818 123.053 123.287 123.522 123.756 123.991 124.225 124.46
125.579 123.196 123.431 123.665 123.9 124.134 124.369 124.603 124.838 125.073 125.307
128.34 125.957 126.192 126.426 126.661 126.895 127.13 127.364 127.599 127.833 128.068
130.09 127.708 127.942 128.177 128.411 128.646 128.88 129.115 129.349 129.584 129.818
129.197 126.815 127.049 127.284 127.518 127.753 127.987 128.222 128.456 128.691 128.925
128.913 127.509 127.667 127.825 127.983 128.141 128.299 128.457 128.615 128.773 128.931
131.859 130.455 130.613 130.771 130.929 131.087 131.245 131.403 131.561 131.719 131.877
134.584 133.18 133.338 133.496 133.654 133.812 133.97 134.128 134.286 134.444 134.602
135.749 134.345 134.503 134.661 134.819 134.977 135.135 135.293 135.451 135.609 135.767
138.082 136.678 136.836 136.994 137.152 137.31 137.468 137.626 137.784 137.942 138.1
143.395 141.991 142.149 142.307 142.465 142.623 142.781 142.939 143.097 143.255 143.413
149.343 147.939 148.097 148.255 148.413 148.571 148.729 148.887 149.045 149.203 149.361
150.832 149.428 149.586 149.744 149.902 150.06 150.218 150.376 150.534 150.692 150.85
154.984 153.58 153.738 153.896 154.054 154.212 154.37 154.528 154.686 154.844 155.002
160.595 159.191 159.349 159.507 159.665 159.823 159.981 160.139 160.297 160.455 160.613
165.132 163.729 163.887 164.045 164.203 164.361 164.519 164.676 164.834 164.992 165.15
166.269 164.865 165.023 165.181 165.339 165.497 165.655 165.813 165.971 166.129 166.287
168.849 167.445 167.603 167.761 167.919 168.077 168.235 168.393 168.551 168.709 168.867
173.176 171.772 171.93 172.088 172.246 172.404 172.562 172.72 172.878 173.036 173.194
177.572 176.168 176.326 176.484 176.642 176.8 176.958 177.116 177.274 177.432 177.59
181.446 180.042 180.2 180.358 180.516 180.674 180.832 180.99 181.148 181.306 181.464
185.04 183.636 183.794 183.952 184.11 184.268 184.426 184.584 184.742 184.9 185.058
189.312 187.908 188.066 188.224 188.382 188.54 188.698 188.856 189.014 189.172 189.33
194.534 193.13 193.288 193.446 193.604 193.762 193.92 194.078 194.236 194.394 194.552
201.483 200.079 200.237 200.395 200.553 200.711 200.869 201.027 201.185 201.343 201.501
207.939 206.535 206.693 206.851 207.009 207.167 207.325 207.483 207.641 207.799 207.957
211.796 210.392 210.55 210.708 210.866 211.024 211.182 211.34 211.498 211.656 211.814
214.351 212.947 213.105 213.263 213.421 213.579 213.737 213.895 214.053 214.211 214.369
217.013 215.609 215.767 215.925 216.083 216.241 216.399 216.557 216.715 216.873 217.031
221.881 220.478 220.636 220.793 220.951 221.109 221.267 221.425 221.583 221.741 221.899
225.073 223.67 223.828 223.986 224.143 224.301 224.459 224.617 224.775 224.933 225.091
225.198 223.794 223.952 224.11 224.268 224.426 224.584 224.742 224.9 225.058 225.216
224.584 223.18 223.338 223.496 223.654 223.812 223.97 224.128 224.286 224.444 224.602
225.432 224.028 224.186 224.344 224.502 224.66 224.818 224.976 225.134 225.292 225.45
227.564 226.16 226.318 226.476 226.634 226.792 226.95 227.108 227.266 227.424 227.582
229.161 227.757 227.915 228.073 228.231 228.389 228.547 228.705 228.863 229.021 229.179
230.8 229.397 229.555 229.713 229.871 230.029 230.186 230.344 230.502 230.66 230.818
232.806 231.402 231.56 231.718 231.876 232.034 232.192 232.35 232.508 232.666 232.824
232.762 231.358 231.516 231.674 231.832 231.99 232.148 232.306 232.464 232.622 232.78
230.589 229.185 229.343 229.501 229.659 229.817 229.975 230.133 230.291 230.449 230.607
229.114 227.71 227.868 228.026 228.184 228.342 228.5 228.658 228.816 228.974 229.132
227.477 226.074 226.232 226.39 226.548 226.706 226.864 227.021 227.179 227.337 227.495
225.969 224.565 224.723 224.881 225.039 225.197 225.355 225.513 225.671 225.829 225.987
223.077 221.673 221.831 221.989 222.147 222.305 222.463 222.621 222.779 222.937 223.095
218.782 217.378 217.536 217.694 217.852 218.01 218.168 218.326 218.484 218.642 218.8
213.383 211.98 212.138 212.296 212.454 212.612 212.77 212.928 213.086 213.243 213.401
209.42 208.017 208.174 208.332 208.49 208.648 208.806 208.964 209.122 209.28 209.438
207.926 206.522 206.68 206.838 206.996 207.154 207.312 207.47 207.628 207.786 207.944
204.929 203.525 203.683 203.841 203.999 204.157 204.315 204.473 204.631 204.789 204.947
198.962 197.558 197.716 197.874 198.032 198.19 198.348 198.506 198.664 198.822 198.98
195.819 194.416 194.574 194.731 194.889 195.047 195.205 195.363 195.521 195.679 195.837
195.792 194.388 194.546 194.704 194.862 195.02 195.178 195.336 195.494 195.652 195.81
194.487 193.083 193.241 193.399 193.557 193.715 193.873 194.031 194.189 194.347 194.505
191.966 190.563 190.721 190.879 191.036 191.195 191.352 191.51 191.668 191.826 191.984
189.706 188.303 188.461 188.619 188.777 188.935 189.093 189.251 189.409 189.567 189.725
186.147 184.743 184.901 185.059 185.217 185.375 185.533 185.691 185.849 186.007 186.165
180.917 179.514 179.672 179.83 179.988 180.146 180.304 180.462 180.62 180.777 180.935
176.76 175.356 175.514 175.672 175.83 175.988 176.146 176.304 176.462 176.62 176.778
173.954 172.55 172.708 172.866 173.024 173.182 173.34 173.498 173.656 173.814 173.972
169.037 167.634 167.792 167.949 168.107 168.265 168.423 168.581 168.739 168.897 169.055
164.734 163.33 163.488 163.646 163.804 163.962 164.12 164.278 164.436 164.594 164.752
164.199 162.795 162.953 163.111 163.269 163.427 163.585 163.743 163.901 164.059 164.217
159.89 158.486 158.644 158.802 158.96 159.118 159.276 159.434 159.592 159.75 159.908
155.903 154.499 154.657 154.815 154.973 155.131 155.289 155.447 155.605 155.763 155.921
153.848 152.444 152.602 152.76 152.918 153.076 153.234 153.392 153.55 153.708 153.866
151.465 150.062 150.22 150.378 150.536 150.694 150.852 151.01 151.168 151.326 151.484
148.767 147.363 147.521 147.679 147.837 147.995 148.153 148.311 148.469 148.627 148.785
147.59 146.186 146.344 146.502 146.66 146.818 146.976 147.134 147.292 147.45 147.608
148.741 147.337 147.495 147.653 147.811 147.969 148.127 148.285 148.443 148.601 148.759
149.897 148.493 148.651 148.809 148.967 149.125 149.283 149.441 149.599 149.757 149.915
147.971 146.568 146.726 146.884 147.042 147.2 147.358 147.516 147.674 147.832 147.99
145.085 143.681 143.839 143.997 144.155 144.313 144.471 144.629 144.787 144.945 145.103
144.259 142.855 143.013 143.171 143.329 143.487 143.645 143.803 143.961 144.119 144.277
144.806 143.402 143.56 143.718 143.876 144.034 144.192 144.35 144.508 144.666 144.824
143.705 142.301 142.459 142.617 142.775 142.933 143.091 143.249 143.407 143.565 143.723
142.029 140.625 140.783 140.941 141.099 141.257 141.415 141.573 141.731 141.889 142.047
142.393 140.989 141.147 141.305 141.463 141.621 141.779 141.937 142.095 142.253 142.411
143.751 142.347 142.505 142.663 142.821 142.979 143.137 143.295 143.453 143.611 143.769
144.172 142.768 142.926 143.084 143.242 143.4 143.558 143.716 143.874 144.032 144.19
142.758 141.354 141.512 141.67 141.828 141.986 142.144 142.302 142.46 142.618 142.776
141.097 139.693 139.851 140.009 140.167 140.325 140.483 140.641 140.799 140.957 141.115
139.285 137.881 138.039 138.197 138.355 138.513 138.671 138.829 138.987 139.145 139.303
138.437 137.034 137.192 137.35 137.508 137.666 137.824 137.982 138.14 138.298 138.455
138.925 137.521 137.679 137.837 137.995 138.153 138.311 138.469 138.627 138.785 138.943
138.123 135.74 135.975 136.209 136.444 136.678 136.913 137.147 137.382 137.616 137.851
137.033 134.651 134.885 135.12 135.354 135.589 135.823 136.058 136.292 136.527 136.762
138.006 135.623 135.858 136.092 136.327 136.561 136.796 137.03 137.265 137.499 137.734
139.008 136.625 136.86 137.094 137.329 137.563 137.798 138.032 138.267 138.501 138.736
139.448 137.066 137.3 137.535 137.769 138.004 138.238 138.473 138.707 138.942 139.176
144.25 141.867 142.102 142.336 142.571 142.805 143.04 143.274 143.509 143.743 143.978
143.584 141.201 141.436 141.67 141.905 142.139 142.374 142.608 142.843 143.077 143.312
142.106 139.724 139.958 140.193 140.427 140.662 140.896 141.131 141.365 141.6 141.834
141.283 138.901 139.135 139.37 139.604 139.839 140.073 140.308 140.542 140.777 141.012
142.76 140.378 140.612 140.847 141.081 141.316 141.55 141.785 142.019 142.254 142.488
144.702 142.32 142.554 142.789 143.023 143.258 143.492 143.727 143.961 144.196 144.43
144.552 142.169 142.404 142.638 142.873 143.107 143.342 143.576 143.811 144.045 144.28
144.005 141.623 141.857 142.092 142.326 142.561 142.795 143.03 143.264 143.499 143.733
143.714 141.331 141.566 141.8 142.035 142.269 142.504 142.738 142.973 143.207 143.442
143.152 140.769 141.004 141.238 141.473 141.707 141.942 142.176 142.411 142.646 142.88
