0 0
1 0
2 0
3 528
4 529
5 530
6 530
7 530
8 530
9 534
10 534
11 0
12 0
13 0
14 0
15 0
16 0
17 0
18 0
19 0
20 0
21 0
22 0
23 0
24 0
25 0
26 0
27 0
28 2
29 6
30 9
31 10
32 13
33 18
34 22
35 25
36 26
37 26
38 26
39 26
40 26
41 26
42 26
43 27
44 27
45 205
46 205
47 205
48 205
49 205
50 205
51 205
52 205
53 206
54 206
55 206
56 206
57 206
58 206
59 206
60 206
61 206
62 206
63 206
64 206
65 206
66 206
67 206
68 206
69 230
70 230
71 230
72 206
73 206
74 206
75 206
76 206
77 206
78 206
79 206
80 206
81 206
82 206
83 206
84 206
85 206
86 206
87 206
88 205
89 205
90 205
91 205
92 205
93 205
94 205
95 205
96 205
97 205
98 205
99 205
100 205
101 205
102 205
103 205
104 10
105 8
106 4
107 3
108 3
109 2
110 1
111 1
112 0
113 0
114 0
115 0
116 0
117 0
118 0
119 0
120 0
121 0
