0 264
1 264
2 264
3 265
4 266
5 267
6 267
7 267
8 268
9 268
10 268
11 268
12 268
13 268
14 268
15 268
16 267
17 267
18 266
19 265
20 263
21 263
22 262
23 262
24 84
25 82
26 81
27 81
28 81
29 80
30 80
31 79
32 79
33 78
34 77
35 77
36 77
37 77
38 77
39 0
40 0
41 0
42 0
43 0
44 607
45 607
46 607
47 607
48 607
49 130
50 130
51 130
52 130
53 129
54 128
55 128
56 127
57 126
58 604
59 300
60 300
61 603
62 603
63 602
64 602
65 602
66 602
67 602
68 602
69 602
70 602
71 602
72 602
73 602
74 603
75 603
76 300
77 301
78 604
79 125
80 126
81 127
82 128
83 128
84 128
85 130
86 130
87 130
88 130
89 130
90 130
91 130
92 130
93 130
94 607
95 130
96 607
97 607
98 130
99 607
100 607
101 607
102 130
103 130
104 130
105 130
106 128
107 128
108 128
109 128
110 129
111 127
112 298
113 297
114 297
115 297
116 295
117 261
118 261
119 262
120 263
121 264
122 264
123 264
124 264
125 264
126 264
127 264
128 264
129 264
130 264
