135.234 135.234 135.234 135.234 135.234 135.234
146.417 146.417 146.417 146.417 146.417 146.417
159.094 159.094 159.094 159.094 159.094 159.094
164.622 164.622 164.622 164.622 164.622 164.622
172.205 172.205 172.205 172.205 172.205 172.205
183.476 183.476 183.476 183.476 183.476 183.476
192.319 192.319 192.319 192.319 192.319 192.319
197.213 197.213 197.213 197.213 197.213 197.213
197.725 197.725 197.725 197.725 197.725 197.725
196.357 196.357 196.357 196.357 196.357 196.357
195.693 195.693 195.693 195.693 195.693 195.693
195.1 195.1 195.1 195.1 195.1 195.1
196.74 196.74 196.74 196.74 196.74 196.74
194.08 194.08 194.08 194.08 194.08 194.08
187.722 187.722 187.722 187.722 187.722 187.722
192.997 192.997 192.997 192.997 192.997 192.997
194.898 194.898 194.898 194.898 194.898 194.898
187.468 187.468 187.468 187.468 187.468 187.468
176.233 176.233 176.233 176.233 176.233 176.233
161.583 161.583 161.583 161.583 161.583 161.583
144.963 144.963 144.963 144.963 144.963 144.963
127.722 127.722 127.722 127.722 127.722 127.722
113.711 113.711 113.711 113.711 113.711 113.711
110.885 110.885 110.885 110.885 110.885 110.885
111.615 111.615 111.615 111.615 111.615 111.615
103.839 103.839 103.839 103.839 103.839 103.839
87.2686 87.2686 87.2686 87.2686 87.2686 87.2686
91.6889 91.6889 91.6889 91.6889 91.6889 91.6889
104.182 104.182 104.182 104.182 104.182 104.182
112.209 112.209 112.209 112.209 112.209 112.209
113.228 113.228 113.228 113.228 113.228 113.228
116.649 116.649 116.649 116.649 116.649 116.649
122.505 122.505 122.505 122.505 122.505 122.505
130.712 130.712 130.712 130.712 130.712 130.712
137.049 137.049 137.049 137.049 137.049 137.049
140.587 140.587 140.587 140.587 140.587 140.587
147.843 147.843 147.843 147.843 147.843 147.843
154.139 154.139 154.139 154.139 154.139 154.139
149.85 149.85 149.85 149.85 149.85 149.85
142.185 142.185 142.185 142.185 142.185 142.185
139.604 139.604 139.604 139.604 139.604 139.604
139.583 139.583 139.583 139.583 139.583 139.583
140.308 140.308 140.308 140.308 140.308 140.308
138.439 138.439 138.439 138.439 138.439 138.439
133.76 133.76 133.76 133.76 133.76 133.76
133.168 133.168 133.168 133.168 133.168 133.168
134.104 134.104 134.104 134.104 134.104 134.104
131.572 131.572 131.572 131.572 131.572 131.572
139.158 139.158 139.158 139.158 139.158 139.158
141.954 141.954 141.954 141.954 141.954 141.954
142.52 142.52 142.52 142.52 142.52 142.52
149.309 149.309 149.309 149.309 149.309 149.309
160.859 160.859 160.859 160.859 160.859 160.859
172.615 172.615 172.615 172.615 172.615 172.615
182.883 182.883 182.883 182.883 182.883 182.883
192.61 192.61 192.61 192.61 192.61 192.61
204.135 204.135 204.135 204.135 204.135 204.135
218.005 218.005 218.005 218.005 218.005 218.005
235.903 235.903 235.903 235.903 235.903 235.903
252.586 252.586 252.586 252.586 252.586 252.586
263.043 263.043 263.043 263.043 263.043 263.043
270.251 270.251 270.251 270.251 270.251 270.251
277.6 277.6 277.6 277.6 277.6 277.6
290.513 290.513 290.513 290.513 290.513 290.513
299.295 299.295 299.295 299.295 299.295 299.295
300.008 300.008 300.008 300.008 300.008 300.008
298.887 298.887 298.887 298.887 298.887 298.887
301.839 301.839 301.839 301.839 301.839 301.839
307.891 307.891 307.891 307.891 307.891 307.891
312.204 312.204 312.204 312.204 312.204 312.204
316.265 316.265 316.265 316.265 316.265 316.265
321.154 321.154 321.154 321.154 321.154 321.154
320.971 320.971 320.971 320.971 320.971 320.971
315.28 315.28 315.28 315.28 315.28 315.28
310.992 310.992 310.992 310.992 310.992 310.992
306.135 306.135 306.135 306.135 306.135 306.135
301.533 301.533 301.533 301.533 301.533 301.533
293.427 293.427 293.427 293.427 293.427 293.427
281.499 281.499 281.499 281.499 281.499 281.499
266.989 266.989 266.989 266.989 266.989 266.989
257.035 257.035 257.035 257.035 257.035 257.035
253.488 253.488 253.488 253.488 253.488 253.488
246.1 246.1 246.1 246.1 246.1 246.1
231.54 231.54 231.54 231.54 231.54 231.54
224.066 224.066 224.066 224.066 224.066 224.066
224.245 224.245 224.245 224.245 224.245 224.245
221.436 221.436 221.436 221.436 221.436 221.436
215.408 215.408 215.408 215.408 215.408 215.408
209.686 209.686 209.686 209.686 209.686 209.686
200.739 200.739 200.739 200.739 200.739 200.739
187.618 187.618 187.618 187.618 187.618 187.618
177.567 177.567 177.567 177.567 177.567 177.567
170.235 170.235 170.235 170.235 170.235 170.235
163.85 163.85 163.85 163.85 163.85 163.85
158.775 158.775 158.775 158.775 158.775 158.775
152.247 152.247 152.247 152.247 152.247 152.247
145.95 145.95 145.95 145.95 145.95 145.95
134.226 134.226 134.226 134.226 134.226 134.226
125.003 125.003 125.003 125.003 125.003 125.003
123.275 123.275 123.275 123.275 123.275 123.275
122.328 122.328 122.328 122.328 122.328 122.328
115.134 115.134 115.134 115.134 115.134 115.134
104.953 104.953 104.953 104.953 104.953 104.953
106.533 106.533 106.533 106.533 106.533 106.533
100.996 100.996 100.996 100.996 100.996 100.996
93.018 93.018 93.018 93.018 93.018 93.018
90.6113 90.6113 90.6113 90.6113 90.6113 90.6113
91.499 91.499 91.499 91.499 91.499 91.499
88.1934 88.1934 88.1934 88.1934 88.1934 88.1934
83.5165 83.5165 83.5165 83.5165 83.5165 83.5165
83.5452 83.5452 83.5452 83.5452 83.5452 83.5452
85.9638 85.9638 85.9638 85.9638 85.9638 85.9638
86.0683 86.0683 86.0683 86.0683 86.0683 86.0683
85.8354 85.8354 85.8354 85.8354 85.8354 85.8354
90.0958 90.0958 90.0958 90.0958 90.0958 90.0958
92.6951 92.6951 92.6951 92.6951 92.6951 92.6951
97.6375 97.6375 97.6375 97.6375 97.6375 97.6375
104.285 104.285 104.285 104.285 104.285 104.285
104.397 104.397 104.397 104.397 104.397 104.397
105.532 105.532 105.532 105.532 105.532 105.532
115.882 115.882 115.882 115.882 115.882 115.882
126.925 126.925 126.925 126.925 126.925 126.925
120.338 120.338 120.338 120.338 120.338 120.338
121.231 121.231 121.231 121.231 121.231 121.231
122.123 122.123 122.123 122.123 122.123 122.123
123.016 123.016 123.016 123.016 123.016 123.016
123.909 123.909 123.909 123.909 123.909 123.909
124.801 124.801 124.801 124.801 124.801 124.801
125.694 125.694 125.694 125.694 125.694 125.694
126.587 126.587 126.587 126.587 126.587 126.587
127.479 127.479 127.479 127.479 127.479 127.479
