0 16
1 16
2 18
3 18
4 18
5 18
6 24
7 24
8 24
9 18
10 18
11 16
12 16
13 16
14 16
15 16
16 16
17 16
18 16
19 16
20 16
21 16
22 10
23 65
24 65
25 65
26 65
27 65
28 65
29 65
30 65
31 65
32 63
33 63
34 63
35 62
36 62
37 62
38 62
39 62
40 62
41 63
42 63
43 63
44 63
45 63
46 63
47 63
48 63
49 63
50 63
51 63
52 63
53 63
54 63
55 63
56 30
57 30
58 83
59 83
60 83
61 83
62 83
63 83
64 83
65 83
66 83
67 83
68 83
69 83
70 83
71 83
72 83
73 83
74 30
75 30
76 30
77 30
78 30
79 30
80 30
81 30
82 30
83 30
84 30
85 30
86 30
87 30
88 30
89 30
90 30
91 30
92 30
93 30
94 30
95 30
96 63
97 63
98 63
99 63
100 63
101 63
102 63
103 30
104 31
105 31
106 31
107 31
108 31
109 71
110 71
111 71
112 71
113 71
114 71
115 71
116 71
117 71
118 71
119 9
120 10
121 10
122 9
123 9
124 9
125 9
126 10
127 10
128 10
129 10
130 10
